  0.523580608216516E-099  0.229732080947048E+004 -0.375004368343501E-001  0.706643438088017E-003
  0.826564135064523E-014  0.190495819554892E+004  0.609306268658383E-002 -0.623472093409534E+000
  0.923837864687630E-014  0.190472570232091E+004  0.517623053904703E-002 -0.932795298071674E-001
  0.285548153112225E-009  0.188403812812367E+004 -0.499447697290884E+000  0.895035020217283E-002
  0.834364294775346E-007  0.187267329380065E+004  0.127093489998611E-001 -0.927483819878637E+000
  0.101342923804291E-005  0.186766929846607E+004 -0.449391926766226E+000  0.141924242613918E-001
  0.189577374474198E-005  0.186640674898567E+004 -0.863974863146084E+000  0.158907247998519E-001
  0.290159032946979E-005  0.186554551007788E+004 -0.590618805023143E+000  0.159006651234328E-001
  0.127746869401205E-004  0.186257112168691E+004 -0.590539996964646E+000  0.180877729285993E-001
  0.143976978685924E-004  0.186232194121701E+004 -0.129597471971359E-001  0.339191625999485E+000
  0.265230261995087E-004  0.186109007624333E+004  0.866387454047842E+000 -0.138484647469166E-001
  0.327640714310810E-004  0.186065746263445E+004  0.204222213964689E-001 -0.750498885448373E+000
  0.127247700974114E-003  0.185793388143854E+004  0.231310778793175E-001 -0.614486605397252E+000
  0.227284692922001E-003  0.185676377076099E+004  0.525713025482271E+000 -0.162475228768335E-001
  0.239530095414179E-002  0.185204367412643E+004 -0.161867269329919E+000  0.231657302068902E-001
  0.499950676362807E-002  0.185056203828746E+004 -0.172460920022481E+000  0.261555327637133E-001
  0.822851820354857E-002  0.184955552982441E+004 -0.922710328298814E+000  0.487984438898668E-001
  0.851045588362132E-002  0.184947817561901E+004 -0.738600516948128E+000  0.470105586284235E-001
  0.107775664973376E-001  0.184899585796371E+004 -0.248176338486805E-001  0.899874890057937E+000
  0.169221059473682E-001  0.184808357485314E+004  0.538095304681807E-001 -0.657862434289600E+000
  0.263473617945866E-001  0.184718810509628E+004  0.665408630232422E-001 -0.938433955742002E+000
  0.269467008401325E-001  0.184713314456580E+004 -0.282616757391601E-001  0.825839740611559E+000
  0.305456662618808E-001  0.184687244559022E+004  0.336934428735600E+000 -0.276256749151966E-001
  0.333098828431660E-001  0.184668920787380E+004  0.602274971036332E-001 -0.529878138825581E+000
  0.435068534192343E-001  0.184614510410974E+004 -0.203510628053918E+000  0.411942819684519E-001
  0.460025999833982E-001  0.184602357014528E+004 -0.699660111144411E+000  0.732612382080611E-001
  0.628276936183072E-001  0.184539019897989E+004  0.576553073012722E-001 -0.321634897409471E+000
  0.627165389349472E-001  0.184538376542833E+004 -0.771666503999725E+000  0.841174388037784E-001
  0.855985124155619E-001  0.184475170491941E+004  0.975830214526689E-001 -0.856082423304345E+000
  0.122786456850841E+000  0.184402017219893E+004 -0.473243803689294E+000  0.877755114909378E-001
  0.139433013837456E+000  0.184375592196593E+004  0.817645032100605E-001 -0.379794128763929E+000
  0.140975761402693E+000  0.184372393953838E+004 -0.930842444340973E+000  0.123739810494427E+000
  0.156472093629270E+000  0.184350538503944E+004 -0.391361871274900E-001  0.739954030772320E+000
  0.184739841634388E+000  0.184316326816579E+004  0.121913513875883E+000 -0.650216618702805E+000
  0.211773655952080E+000  0.184288015414320E+004  0.823388442615589E-001 -0.296295635621094E+000
  0.218095787545612E+000  0.184281134643021E+004 -0.955858803439757E+000  0.154555685184198E+000
  0.225296029603054E+000  0.184273640961544E+004 -0.564374756817815E+000  0.125379830823219E+000
  0.250524707914197E+000  0.184249685998703E+004 -0.482368021360134E+000  0.121569454689996E+000
  0.298690190352614E+000  0.184207658317308E+004 -0.463299249411169E-001  0.674807847098152E+000
  0.369049806632194E+000  0.184160858800396E+004 -0.786679310171589E+000  0.197806641674339E+000
  0.417354070399240E+000  0.184131813505247E+004 -0.171435588958064E+000  0.741046248332722E-001
  0.537595685600209E+000  0.184081179142714E+004 -0.843831194312491E+000  0.263592868073395E+000
  0.572381501837939E+000  0.184064194722070E+004 -0.123672540532853E+000  0.646595853857888E-001
  0.598931470164839E+000  0.184052916463995E+004 -0.652639183710453E+000  0.254460820683371E+000
  0.606876966649289E+000  0.184050280684964E+004 -0.590238944869487E+000  0.241738327756760E+000
  0.614154123456297E+000  0.184045662058366E+004 -0.659637441048013E+000  0.262902801741412E+000
  0.617487607006884E+000  0.184042344780921E+004 -0.742760518238258E+000  0.284676372805617E+000
  0.612862506620269E+000  0.184041613797559E+004 -0.595901974190205E-001  0.575308073411692E+000
  0.621773204426230E+000  0.184036492179789E+004 -0.580948972103641E-001  0.378451377107693E+000
  0.616251796709047E+000  0.184036041472116E+004 -0.707584639669341E+000  0.283848372360503E+000
  0.635424844433592E+000  0.184025469208634E+004 -0.439036504929284E-001  0.110073356609609E+000
  0.642728001133842E+000  0.184018787867717E+004 -0.847934666121867E+000  0.335617633812442E+000
  0.692747613201504E+000  0.184003799043928E+004 -0.159304543663128E+000  0.955127142075960E-001
  0.708043571270786E+000  0.183992873100403E+004 -0.821757376367994E+000  0.370146571494667E+000
  0.328545011053023E+000  0.184192261021501E+004  0.864433970412290E+000 -0.479138958175831E-001
  0.329266759051763E+000  0.184189995646483E+004  0.148796789317004E+000 -0.530812853575174E+000
  0.328305735488033E+000  0.184188753738849E+004  0.149959243039127E+000 -0.534995508151862E+000
  0.355520818868391E+000  0.184172826035824E+004  0.137123660796499E+000 -0.383575643770122E-001
  0.364718052198226E+000  0.184167717878703E+004  0.165376133179663E+000 -0.575343207337539E+000
  0.407516891366901E+000  0.184143665842635E+004  0.455947521777733E+000 -0.494626119376178E-001
  0.571913310743199E+000  0.184074024355659E+004  0.869045245764005E+000 -0.576613462534383E-001
  0.571575015816497E+000  0.184072282214998E+004  0.291874999786512E+000 -0.528338609939376E-001
  0.613085979233076E+000  0.184056399846471E+004  0.183718069831662E+000 -0.407695020477949E+000
  0.641353485214917E+000  0.184043680921307E+004  0.225639050188562E+000 -0.512271520557976E+000
  0.666805364000000E+000  0.184034054104022E+004  0.129622619848757E+000 -0.244845015865383E+000
  0.682496088813455E+000  0.184027559052775E+004  0.275344484982754E+000 -0.636006920823514E+000
  0.711498713993646E+000  0.184019235690034E+004  0.177327512163204E+000 -0.333182613026032E+000
  0.753475838748043E+000  0.184002240715344E+004  0.277923774337326E+000 -0.553218141716838E+000
  0.750105318623241E+000  0.184001310884769E+004  0.243880535908854E+000 -0.458877628352046E+000
  0.753238546773868E+000  0.184000477214506E+004  0.183993342792254E+000 -0.321888729133928E+000
  0.764905587986824E+000  0.183995559795686E+004  0.277086564140302E+000 -0.605404064843917E-001
  0.277370884756133E+000  0.184242913966479E+004  0.172134251150301E+000 -0.982971886155068E+000
  0.321148294036635E+000  0.184213604477101E+004  0.186459828269831E+000 -0.984924316122724E+000
  0.740477554466260E+000  0.184046526011044E+004  0.300474383528413E+000 -0.850158523574321E+000
  0.833897114521140E+000  0.184022763069256E+004  0.340909549853053E+000 -0.904575463044573E+000
  0.911082278390065E+000  0.184005058433480E+004  0.379445469252227E+000 -0.960922651821288E+000
  0.100000000000000E+001  0.183986434019633E+004  0.421836773798260E+000 -0.994551207307274E+000
  0.745743482658375E+000  0.183980335707002E+004 -0.593706630773905E+000  0.320267368900213E+000
  0.749312572828687E+000  0.183977218617258E+004 -0.925009290433438E+000  0.426085163731613E+000
  0.764631149380880E+000  0.183971008965394E+004 -0.394421532443759E+000  0.244567144180792E+000
  0.795607468154187E+000  0.183963066490618E+004 -0.509315867949642E+000  0.310123095568772E+000
  0.830031421302312E+000  0.183954594965956E+004 -0.219151771038917E+000  0.153973018191460E+000
  0.859679316218938E+000  0.183947575791051E+004 -0.914826199802694E+000  0.500176556818032E+000
  0.864905607415272E+000  0.183946363602049E+004 -0.714197060548545E-001  0.426963643943080E+000
  0.876368805311177E+000  0.183943730274776E+004 -0.724149084939491E+000  0.441331783064048E+000
  0.862541573309364E+000  0.183942365357417E+004 -0.233842223897359E+000  0.172264150830479E+000
  0.864471334350388E+000  0.183941918397968E+004 -0.702672680964931E-001  0.330226779268327E+000
  0.890602333627192E+000  0.183933676685355E+004 -0.988183512317239E+000  0.573508314188829E+000
  0.894142236918803E+000  0.183932883315146E+004 -0.996150741883444E+000  0.579485075628529E+000
  0.903935554125764E+000  0.183926106770711E+004 -0.625432757797403E+000  0.440927152241787E+000
  0.894953817521636E+000  0.183916927869384E+004 -0.867500318806680E-001  0.707250132134323E-001
  0.887855982210630E+000  0.183914172385809E+004 -0.983226975152138E+000  0.665581154856196E+000
  0.885926853474905E+000  0.183912445234309E+004 -0.764320103349915E+000  0.564207142615716E+000
  0.891229626755037E+000  0.183911251689660E+004 -0.791137824638867E+000  0.584516441723604E+000
  0.885490344365913E+000  0.183910357987410E+004 -0.745228459707934E+000  0.562359618124967E+000
  0.876647409736117E+000  0.183910179509868E+004 -0.660617623099012E+000  0.511876027376594E+000
  0.875204414292839E+000  0.183908323174716E+004 -0.979064601214568E+000  0.699471633591887E+000
  0.857488629817246E+000  0.183908065088618E+004 -0.355467518638590E+000  0.301182487513165E+000
  0.863090962317130E+000  0.183906762654874E+004 -0.612684448914474E+000  0.493053962151281E+000
  0.877759644270910E+000  0.183903392111975E+004 -0.773260149413598E+000  0.612725098355351E+000
  0.879874654970517E+000  0.183902910780512E+004 -0.376128216220383E+000  0.326898698177723E+000
  0.870714159385265E+000  0.183902769262796E+004 -0.733609502448407E+000  0.590328987052143E+000
  0.871787186984884E+000  0.183902522943851E+004 -0.884059955108796E+000  0.685753399383731E+000
  0.871230391905135E+000  0.183900390810077E+004 -0.687681912857527E+000  0.570625047315267E+000
  0.872255998694771E+000  0.183897895598788E+004 -0.699959748908346E+000  0.591572348338500E+000
  0.874276149901848E+000  0.183897432932902E+004 -0.816836566199801E-001  0.406806200785438E+000
  0.876068721697163E+000  0.183894737543628E+004 -0.667833815847057E+000  0.583590404780630E+000
  0.864712597765145E+000  0.183892801361909E+004 -0.395716133760184E+000  0.364759594849952E+000
  0.867877763175144E+000  0.183892070625088E+004 -0.706137909941679E+000  0.628136698408999E+000
  0.870823386176912E+000  0.183889107224711E+004 -0.881844164138439E+000  0.789091543323759E+000
  0.854627211065787E+000  0.183888316338808E+004 -0.747853774627934E+000  0.686589032082454E+000
  0.859143205794537E+000  0.183887262287428E+004 -0.888396417533195E+000  0.812474396798543E+000
  0.859458354203296E+000  0.183887188937462E+004 -0.326830901122239E+000  0.313722725134247E+000
  0.831653899647547E+000  0.183884673663019E+004 -0.773505342405132E+000  0.737396743394590E+000
  0.834999545087604E+000  0.183883870700665E+004 -0.961606047702454E+000  0.915083907723781E+000
  0.824518256081420E+000  0.183881902508752E+004 -0.796763073470950E+000  0.784608228170291E+000
  0.822368010957274E+000  0.183880190106031E+004 -0.661711213972650E+000  0.665358671921725E+000
  0.822851080745031E+000  0.183880072657892E+004 -0.933744866020796E+000  0.943222747574394E+000
  0.815861929149898E+000  0.183879518767098E+004 -0.928814928053711E+000  0.946626850295516E+000
  0.816479601924191E+000  0.183879367408380E+004 -0.463636230434851E+000  0.468569883948131E+000
  0.808258109592903E+000  0.183879105765153E+004 -0.857906183461114E+000  0.878071801343109E+000
  0.808790380144814E+000  0.183878974100438E+004 -0.936655710666952E-001  0.943810134748301E+000
  0.809716428773072E+000  0.183878745235481E+004 -0.468924021696345E+000  0.476342096622185E+000
  0.804894099693533E+000  0.183877600704098E+004 -0.857139324769232E+000  0.897554138789722E+000
  0.799431694765826E+000  0.183876623420526E+004 -0.692842718962317E+000  0.726511310449136E+000
  0.791871863854054E+000  0.183873872348698E+004 -0.712764771099725E+000  0.775746828218295E+000
  0.784504156761261E+000  0.183873429728195E+004 -0.759852854412208E+000  0.838205212063045E+000
  0.767378477066477E+000  0.183873246172534E+004 -0.294600694235448E+000  0.309062663826942E+000
  0.756365835223137E+000  0.183871591514858E+004 -0.859297181775887E+000  0.998878573472283E+000
  0.757310315461359E+000  0.183871341929010E+004 -0.454167513033067E+000  0.490344871619255E+000
  0.760241476847012E+000  0.183870569325388E+004 -0.559367576929835E+000  0.618121310840603E+000
  0.760684784931399E+000  0.183870452736410E+004 -0.820393717562181E+000  0.963964123399151E+000
  0.767344880331706E+000  0.183868709278746E+004 -0.726897327182422E+000  0.855914870121267E+000
  0.739263302075245E+000  0.183866861714845E+004 -0.321758898422998E+000  0.353678752056454E+000
  0.730962263061529E+000  0.183866834439258E+004 -0.490848066210789E+000  0.556088880424232E+000
  0.731401025625268E+000  0.183866714424599E+004 -0.590445512353320E+000  0.686882366776971E+000
  0.725969011630285E+000  0.183865893175676E+004 -0.198787889522983E+000  0.218048439774587E+000
  0.698334479804109E+000  0.183864562529820E+004 -0.732100141588574E+000  0.928711806132918E+000
  0.698378146459049E+000  0.183864550024268E+004 -0.735528547834623E+000  0.934896963550825E+000
  0.690912268035103E+000  0.183864439685464E+004 -0.672336703413327E+000  0.831305388940914E+000
  0.676779770797883E+000  0.183864078501008E+004 -0.753393514653401E+000  0.975947723113108E+000
  0.670202413547822E+000  0.183863797069255E+004 -0.589526353196079E+000  0.711744491417353E+000
  0.674368826746091E+000  0.183862557588175E+004 -0.635277015898046E+000  0.795867305638628E+000
  0.662018389703155E+000  0.183861759786479E+004 -0.718565888057187E+000  0.956359089385749E+000
  0.656314190297133E+000  0.183859045901452E+004 -0.838053205227607E-001  0.153115976274061E+000
  0.656383017574567E+000  0.183859024928671E+004 -0.965734836478304E-001  0.556290970187386E+000
  0.638411864855666E+000  0.183857946658318E+004 -0.281877047046904E+000  0.328875056278475E+000
  0.804144824993449E+000  0.183983711070318E+004  0.314019389147964E+000 -0.589677489149522E+000
  0.813860133767657E+000  0.183979465910926E+004  0.218202936950286E+000 -0.358458970673384E+000
  0.912620095936402E+000  0.183947508359932E+004  0.899716130601115E+000 -0.755542974868448E-001
  0.909623225235983E+000  0.183944626287155E+004  0.388655382630777E+000 -0.609336011203029E+000
  0.898541214657715E+000  0.183943569005201E+004  0.284468788493859E+000 -0.408450967621068E+000
  0.900283317734208E+000  0.183943181618085E+004  0.117814559214290E+000 -0.159464583303919E+000
  0.895803431879511E+000  0.183942417193433E+004  0.382270168488998E+000 -0.586398282700803E+000
  0.891364266832042E+000  0.183941648633838E+004  0.403419715736100E+000 -0.627035558615097E+000
  0.918289324032025E+000  0.183933934640778E+004  0.423599359246193E+000 -0.631154212721819E+000
  0.912008898354004E+000  0.183931798331200E+004  0.177878285839664E+000 -0.230602829071314E+000
  0.904484638452759E+000  0.183931708480361E+004  0.438905548068393E+000 -0.650320708078464E+000
  0.917908410612475E+000  0.183927015285598E+004  0.447868364553620E+000 -0.643050206713518E+000
  0.913145404442114E+000  0.183926309047021E+004  0.183625628988354E+000 -0.232332278158347E+000
  0.917502957994841E+000  0.183925356911839E+004  0.386949918639423E+000 -0.527634788591913E+000
  0.945047432774108E+000  0.183919441048689E+004  0.611054548720703E+000 -0.922908700868131E+000
  0.946435843391461E+000  0.183919147435547E+004  0.388675887277827E+000 -0.507859133241366E+000
  0.951638261918763E+000  0.183918051075497E+004  0.448201734137034E+000 -0.598775988759386E+000
  0.958830488028634E+000  0.183916545212585E+004  0.388854093564187E+000 -0.498971410860776E+000
  0.961669994297252E+000  0.183915953802509E+004  0.544521966532539E+000 -0.755108643545809E+000
  0.958806087416878E+000  0.183911070507473E+004  0.668241894804185E+000 -0.950150385664811E+000
  0.958890433907916E+000  0.183911052914180E+004  0.687354030640956E+000 -0.990004837028648E+000
  0.945031390646405E+000  0.183910328185052E+004  0.652488006166754E+000 -0.909841061745544E+000
  0.940278219433675E+000  0.183909526684941E+004  0.685262365158241E+000 -0.965821518378367E+000
  0.943185360506415E+000  0.183908909281257E+004  0.506102614781696E+000 -0.644157845476750E+000
  0.938207078981889E+000  0.183908141211918E+004  0.264632958434524E+000 -0.310006656928579E+000
  0.942579098830639E+000  0.183903574918273E+004  0.430320160550142E+000 -0.510381441478027E+000
  0.928027601390223E+000  0.183903082890186E+004  0.399289949455728E+000 -0.467858037455909E+000
  0.908138747649369E+000  0.183902082101272E+004  0.692839723076216E+000 -0.891102525683029E+000
  0.900563927057202E+000  0.183901995179333E+004  0.729309882625302E+000 -0.952755024808029E+000
  0.901693859698415E+000  0.183901744397719E+004  0.190696892711261E+000 -0.214068334267244E+000
  0.893180777200693E+000  0.183900101694764E+004  0.762989113254498E+000 -0.854468569346027E-001
  0.890057895362089E+000  0.183897293330211E+004  0.688628435037012E+000 -0.833675887085504E+000
  0.888877516644189E+000  0.183895812006639E+004  0.681833972637085E+000 -0.809324659774535E+000
  0.892786110844895E+000  0.183894934489602E+004  0.574157366259269E+000 -0.656902498156278E+000
  0.892054576542252E+000  0.183893336307562E+004  0.729844365388138E+000 -0.851429143195440E+000
  0.884263903982144E+000  0.183893328534260E+004  0.769448025259502E+000 -0.906839882627724E+000
  0.880761086000828E+000  0.183890613501902E+004  0.689569415880053E+000 -0.771596873806146E+000
  0.877972984030531E+000  0.183889500882083E+004  0.551282932639562E+000 -0.596989302411208E+000
  0.880895181503329E+000  0.183888836318310E+004  0.817736843715867E+000 -0.914989167305212E+000
  0.876935239859720E+000  0.183887975291432E+004  0.693507847671073E+000 -0.753129716898647E+000
  0.870495910956833E+000  0.183887687182494E+004  0.857071589308057E+000 -0.949170893512957E+000
  0.862915337871395E+000  0.183887674352097E+004  0.835173546033308E+000 -0.921616247019613E+000
  0.850434773208924E+000  0.183887079263676E+004  0.720667654584801E+000 -0.777022898871619E+000
  0.852348187043844E+000  0.183886629784280E+004  0.825570927577959E+000 -0.896259816198221E+000
  0.847677424050106E+000  0.183885966647609E+004  0.719247568153168E+000 -0.765129965731174E+000
  0.847711718382608E+000  0.183885958556409E+004  0.346573234204979E+000 -0.358803533668452E+000
  0.844918405840355E+000  0.183884840879265E+004  0.575854717469742E+000 -0.598623396594814E+000
  0.837441857120986E+000  0.183884840734702E+004  0.920362630685452E+000 -0.982780661220609E+000
  0.830197211542366E+000  0.183884800657243E+004  0.750031621358571E+000 -0.788733129941421E+000
  0.820951328542509E+000  0.183883500632279E+004  0.498844551238629E+000 -0.510557306854920E+000
  0.815957306795659E+000  0.183882958864555E+004  0.913366158357379E+000 -0.945957452224493E+000
  0.819565223409685E+000  0.183882076474396E+004  0.659771097201384E+000 -0.669474377160834E+000
  0.815790776162314E+000  0.183879459771769E+004  0.590359919798745E+000 -0.583396469804307E+000
  0.792285267892711E+000  0.183878349829878E+004  0.956640315204484E+000 -0.920943390214349E+000
  0.792450293110617E+000  0.183878308176185E+004  0.529047540027578E+000 -0.518160830883632E+000
  0.782910685542819E+000  0.183877282046832E+004  0.840533771357304E+000 -0.802036452473583E+000
  0.788618543601197E+000  0.183875829224180E+004  0.427198743220112E+000 -0.411945098267281E+000
  0.786623184654634E+000  0.183874604291965E+004  0.917309302571963E+000 -0.836771374227343E+000
  0.788438422927222E+000  0.183874143296899E+004  0.540242563775480E+000 -0.509895828170279E+000
  0.777058683328510E+000  0.183873572635632E+004  0.294412250924643E+000 -0.281422279826878E+000
  0.777619441474994E+000  0.183873428359293E+004  0.944992622222123E+000 -0.843916079429779E+000
  0.778660104798651E+000  0.183873160884601E+004  0.940438255464686E+000 -0.837052491625073E+000
  0.780503488783376E+000  0.183872687968263E+004  0.204348948293731E+000 -0.194629191048717E+000
  0.756734934233176E+000  0.183870138189700E+004  0.527302040900423E+000 -0.481307871587263E+000
  0.750808699118798E+000  0.183869993870578E+004  0.790957273000954E+000 -0.691554140190082E+000
  0.745291434531637E+000  0.183869752234227E+004  0.855960714460291E+000 -0.736996128610347E+000
  0.738792117279619E+000  0.183868085097662E+004  0.515625187850557E+000 -0.463221030489169E+000
  0.738869841273829E+000  0.183868064057939E+004  0.987878201832598E+000 -0.806573223303205E+000
  0.732772267400185E+000  0.183868004671064E+004  0.784356684776380E+000 -0.670303639482589E+000
  0.735195953278042E+000  0.183867344251296E+004  0.134119227163737E+000 -0.121902090490577E+000
  0.736552530557466E+000  0.183866975553063E+004  0.934840889709414E+000 -0.761165223338985E+000
  0.730821195875751E+000  0.183866791163109E+004  0.610481789062743E+000 -0.533265873985754E+000
  0.720981509594537E+000  0.183866023881824E+004  0.913530427215463E+000 -0.738001354517167E+000
  0.715446009360408E+000  0.183865833740060E+004  0.751741140556008E+000 -0.630808147109702E+000
  0.716211373075093E+000  0.183865619900130E+004  0.380011010347623E+000 -0.341578977075279E+000
  0.716330266712865E+000  0.183865586702173E+004  0.873548059946917E+000 -0.708972014801215E+000
  0.711815139460474E+000  0.183865089193208E+004  0.103825185086102E+000 -0.893153574662521E-001
  0.712024117330733E+000  0.183865030484932E+004  0.987778682464590E+000 -0.770570574906695E+000
  0.705883130142918E+000  0.183864985114997E+004  0.819050812409978E+000 -0.669120964399530E+000
  0.701615613525899E+000  0.183864420123668E+004  0.937860895285794E+000 -0.735877793650841E+000
  0.696716290198293E+000  0.183864043816439E+004  0.622037469521717E+000 -0.527806174979944E+000
  0.692236090469378E+000  0.183863556269971E+004  0.544944375139830E+000 -0.468185955212496E+000
  0.684460367094846E+000  0.183862275619770E+004  0.652153979854053E+000 -0.539771391570423E+000
  0.685483872428958E+000  0.183861976773877E+004  0.864532885543747E+000 -0.671120016159547E+000
  0.679972617235201E+000  0.183861813473076E+004  0.991258348570250E+000 -0.736638672284376E+000
  0.681582585553357E+000  0.183861340493629E+004  0.899256722590029E+000 -0.684620350851792E+000
  0.686364526643440E+000  0.183859942205485E+004  0.983631353377156E+000 -0.713319669004659E+000
  0.679491347786876E+000  0.183858351377632E+004  0.983970355183007E+000 -0.697410463040539E+000
  0.679730075053158E+000  0.183858281123510E+004  0.977315566226583E+000 -0.693779389169488E+000
  0.680407415981369E+000  0.183858081925712E+004  0.254132054776494E+000 -0.219583455020424E+000
