  0.302258632604375E-299  0.511534613664102E+004  0.100850245359140E+000  0.401091898317050E+000
  0.140491626888975E-306  0.514883464868020E+004  0.446757957772165E+000  0.522830567565779E-001
  0.159077507788476E-128  0.432854098374795E+004  0.144592265076657E+000  0.356855137952274E+000
  0.669037096022384E-125  0.431185257728051E+004  0.190932203507824E+000  0.308634243644424E+000
  0.129887369592422E-117  0.427828955943536E+004  0.179471854633825E+000  0.321934822875474E+000
  0.188036032348182E-060  0.401455229814004E+004  0.196528662351282E+000  0.304623806300966E+000
  0.323127139421830E-048  0.395820743138742E+004  0.197472172259637E+000  0.303611821929299E+000
  0.458708031596393E-038  0.391145499343824E+004  0.190654684186994E+000  0.310365678980967E+000
  0.102162226049607E-028  0.386809869403791E+004  0.149290349250435E+000  0.351663094568067E+000
  0.113634802178859E-284  0.504783195550393E+004  0.248281714117957E+000  0.250812248400491E+000
  0.227549063314636E-276  0.500950426156472E+004  0.360055156182938E+000  0.139059453613113E+000
  0.330981787357277E-247  0.487510735089730E+004  0.309076001918663E+000  0.192735034065204E+000
  0.448444919313323E-228  0.478700167233895E+004  0.247762033159152E+000  0.253997496160552E+000
  0.361649886232103E-226  0.477822155053567E+004  0.271245528590813E+000  0.228000688677719E+000
  0.647128288198129E-202  0.466632300908517E+004  0.358377919893378E+000  0.140937201804284E+000
  0.184117463852740E-201  0.466423178012323E+004  0.251009467021651E+000  0.248307002831504E+000
  0.229336072785505E-182  0.457618618304681E+004  0.320413100874290E+000  0.178960599694068E+000
  0.188208831008392E-138  0.437364566619348E+004  0.229228971343274E+000  0.272253528346208E+000
  0.823683376878499E-135  0.435687768752526E+004  0.333846919780563E+000  0.165683984033232E+000
  0.325439826830373E-134  0.435412973458718E+004  0.310085041874280E+000  0.189448011496908E+000
  0.186605473703828E-119  0.428595382268380E+004  0.293421098458806E+000  0.206166430916028E+000
  0.147256131471650E-109  0.424027318055581E+004  0.373157849740603E+000  0.126468057566382E+000
  0.789895539133369E-095  0.417233875687074E+004  0.368310393081897E+000  0.133003759568662E+000
  0.124828155110529E-090  0.415300283129167E+004  0.267130384242063E+000  0.234165729892937E+000
  0.243939156939958E-085  0.412863701875161E+004  0.395433307253208E+000  0.104294446388942E+000
  0.614953219786215E-072  0.406692055160951E+004  0.323819596030519E+000  0.175970688911113E+000
  0.265889422537103E-068  0.405017680222940E+004  0.338110280155173E+000  0.161697971506455E+000
  0.397973307875418E-058  0.400331849152993E+004  0.326931335176728E+000  0.174208081365514E+000
  0.176984532974330E-049  0.396349260504197E+004  0.342771662345262E+000  0.157138126419645E+000
  0.743836287623719E-048  0.395601591761064E+004  0.376691580061900E+000  0.123227782559254E+000
  0.196716363544016E-035  0.389850051994275E+004  0.329538596700247E+000  0.171462709945225E+000
  0.246012304633572E-230  0.479724461133432E+004  0.483506832841282E-002  0.496930554620331E+000
  0.321614272146223E-205  0.468157941396188E+004  0.508139873600439E-004  0.501644182688252E+000
  0.441311784689697E-036  0.390071119661283E+004  0.841500929247385E-002  0.492589604595034E+000
  0.405370071694370E-032  0.388246041829538E+004  0.272412838777328E-001  0.473735354939226E+000
  0.554340540713797E-027  0.385880860979509E+004  0.850160425610833E-003  0.499212596396297E+000
  0.521459092263944E-279  0.502227586801004E+004  0.355437279771467E-001  0.466349088897488E+000
  0.105813887711557E-117  0.427861726577233E+004  0.597105346682636E-001  0.441696407447449E+000
  0.588315374199174E-102  0.420593452746820E+004  0.504501507542151E-001  0.449205785073601E+000
  0.279216045334619E-098  0.418883037860345E+004  0.492642943871004E-001  0.450407006124515E+000
  0.373957541318825E-094  0.416965136225175E+004  0.647569851942477E-001  0.434931865243488E+000
  0.500913755683941E-044  0.393818795974206E+004  0.758772421646557E-001  0.424065635152159E+000
  0.389446278660840E-034  0.389237261111688E+004  0.490783440032948E-001  0.450930146066317E+000
  0.200007348420176E-029  0.387055042679261E+004  0.102430993998280E+000  0.398526494854973E+000
  0.557088302149387E-026  0.385455709989022E+004  0.637368917962279E-001  0.437193505072114E+000
  0.911089697820105E-179  0.456007165009927E+004  0.475421210904395E+000  0.261947853330123E-001
  0.715457697070222E-175  0.454213440711450E+004  0.469377502085730E+000  0.322263762446937E-001
  0.122654865463809E-142  0.439369088704538E+004  0.477035189136769E+000  0.244625329411363E-001
  0.157458113168722E-103  0.421335411364984E+004  0.447557361347994E+000  0.537937998813197E-001
  0.132293657028000E-101  0.420425647790383E+004  0.468299394458936E+000  0.330437017136246E-001
  0.200579811998076E-094  0.417118791038942E+004  0.469230183109759E+000  0.304572593530145E-001
  0.546502758114239E-063  0.402642298037957E+004  0.459085510634322E+000  0.420804750868132E-001
  0.265927618432562E-045  0.394466224605989E+004  0.453557231559005E+000  0.463770105152010E-001
  0.718383813526672E-030  0.387302176947545E+004  0.466381918820747E+000  0.345796169653784E-001
  0.136344545097136E-167  0.450790572459649E+004  0.495685797796191E+000  0.589452983240854E-002
  0.215067973848216E-087  0.413790762717675E+004  0.493333308493511E+000  0.638548381497570E-002
  0.902474041166443E-044  0.393644157345246E+004  0.483964677879417E+000  0.159805673600969E-001
  0.820679012884210E-043  0.393202641899537E+004  0.496830002140396E+000  0.421924636039500E-002
  0.142789976556456E-040  0.392170842285108E+004  0.491354741170513E+000  0.861082690175485E-002
  0.461604968242801E-002  0.374396167988729E+004  0.174087017867256E+000  0.326275810608404E+000
  0.131146633096153E-001  0.374169927383613E+004  0.142619744682096E+000  0.357756078308738E+000
  0.477177758816641E-001  0.373911612774085E+004  0.131977067306601E+000  0.368630918098746E+000
  0.138986147465104E+000  0.373678736681890E+004  0.166920781041032E+000  0.333489451988690E+000
  0.321811125212303E+000  0.373491756538700E+004  0.160956735452559E+000  0.339470743198447E+000
  0.607592097940939E-017  0.381190051431607E+004  0.841701551659687E-002  0.492431010115156E+000
  0.669639601890903E-014  0.379789053196859E+004  0.708505833410814E-003  0.499475676645653E+000
  0.112385114238602E-004  0.375540844644260E+004  0.432576158421711E-002  0.496364442682222E+000
  0.179440728206243E-001  0.374065710897397E+004  0.712655961044511E-002  0.493491679037733E+000
  0.184857256519661E-001  0.374059763098907E+004  0.993850848572778E-002  0.490444155651764E+000
  0.190964634519199E+000  0.373511652196597E+004  0.101264995682494E-001  0.490298961214572E+000
  0.417853818446054E-022  0.383671160335492E+004  0.917561279502380E-001  0.409141888509837E+000
  0.262909955913807E-017  0.381447440679025E+004  0.550800345578128E-001  0.445773510887131E+000
  0.106138258540219E-010  0.378391436780643E+004  0.910415428939932E-001  0.409739617292694E+000
  0.110630911571470E-009  0.377922628368091E+004  0.490943837680544E-001  0.451137814139304E+000
  0.844587603638151E-007  0.376595064545821E+004  0.636024331775651E-001  0.436669979572775E+000
  0.773997532459439E-006  0.376121173347186E+004  0.617947233822677E-001  0.438917178595837E+000
  0.109561917653158E-005  0.376051672096204E+004  0.874062882333489E-001  0.412884798083537E+000
  0.215296089982021E-005  0.375900558675479E+004  0.105576580905815E+000  0.395127370493587E+000
  0.174937071912120E-003  0.375021042222928E+004  0.937505282213931E-001  0.406917864203981E+000
  0.157831580672693E-002  0.374563702489089E+004  0.511352653721170E-001  0.449218715008554E+000
  0.557605839577847E-001  0.373817349891018E+004  0.115146626167015E+000  0.385454565892850E+000
  0.149767632580292E+000  0.373588916207503E+004  0.575745381220280E-001  0.442843525176003E+000
  0.163971006873359E+000  0.373570795277905E+004  0.632042551954670E-001  0.437215471801508E+000
  0.214341471514386E+000  0.373501210580420E+004  0.943001638709903E-001  0.406273836836973E+000
  0.232215976381577E+000  0.373485191087078E+004  0.781292263376430E-001  0.422298933552761E+000
  0.243115225045543E+000  0.373476017559718E+004  0.425977096871029E-001  0.457831400829995E+000
  0.249378027422115E+000  0.373470930675816E+004  0.855840042555152E-001  0.414986839103339E+000
  0.231865888087987E+000  0.373464420731019E+004  0.102819576054394E+000  0.397610772288922E+000
  0.169299646256906E-019  0.382498850221585E+004  0.454206180771755E+000  0.459191183583296E-001
  0.609641370219922E-010  0.378097956920814E+004  0.460003219487058E+000  0.402240967644832E-001
  0.475665361193380E-004  0.375326949651193E+004  0.414673057758415E+000  0.860084919642382E-001
  0.853768147563988E-004  0.375209960634660E+004  0.412544548240654E+000  0.877793338063820E-001
  0.270465166197627E-001  0.374027482713412E+004  0.416465057485314E+000  0.839196975183396E-001
  0.442565615066952E+000  0.373366311485719E+004  0.411831529731826E+000  0.887271474467069E-001
  0.783456411947148E-009  0.377517882282685E+004  0.490112694914579E+000  0.106440430921112E-001
  0.198852403459094E+000  0.373456357340168E+004  0.497730767561592E+000  0.283852712918645E-002
  0.207291866834962E+000  0.373448044354867E+004  0.478659218718129E+000  0.219091652592095E-001
  0.223937714725579E+000  0.373432596321057E+004  0.496620914617904E+000  0.381294373521204E-002
  0.156851670038761E-019  0.382467621858071E+004  0.385037086100546E+000  0.115837512831429E+000
  0.829978337217620E-003  0.374627500320624E+004  0.390185571102090E+000  0.110464220822348E+000
  0.349079455332631E-001  0.373879686291169E+004  0.378173263346970E+000  0.122432472589746E+000
  0.465053523338459E-001  0.373822315702986E+004  0.383496049074771E+000  0.116902912795331E+000
  0.986985445988727E-001  0.373635350833487E+004  0.372422981326720E+000  0.127990934453466E+000
  0.447826464618396E-024  0.384605014617395E+004  0.344713889572159E+000  0.155371341298119E+000
  0.128901116372958E-010  0.378366714264106E+004  0.345375253449542E+000  0.155405245992170E+000
  0.137000367629433E-007  0.376953913564634E+004  0.323666134252132E+000  0.177073522043439E+000
  0.179319220977178E-006  0.376439559752893E+004  0.248856769087956E+000  0.251420811922488E+000
  0.157908864425526E-003  0.375083438600253E+004  0.297419483013501E+000  0.203251672292659E+000
  0.522477177282124E-003  0.374844125951480E+004  0.247041554023951E+000  0.253618739263627E+000
  0.125165355804759E-001  0.374158618147325E+004  0.241382547011385E+000  0.258993955599057E+000
  0.209551601665134E-001  0.374055551285695E+004  0.320086892125725E+000  0.180296031329128E+000
  0.954440869202446E-001  0.373725613872360E+004  0.223321660666139E+000  0.277084734095146E+000
  0.134412466315592E+000  0.373630433077764E+004  0.263501874098353E+000  0.237084280715015E+000
  0.137096258339459E+000  0.373626479054641E+004  0.338383160134008E+000  0.162031536722648E+000
  0.309517601182510E+000  0.373432782585572E+004  0.322161845341866E+000  0.178404823870614E+000
  0.524372936534303E+000  0.373327344949197E+004  0.331849819949094E+000  0.168703612172701E+000
  0.303750780691232E+000  0.373235570187520E+004  0.180185978548295E-001  0.482519705480081E+000
  0.330270816903782E+000  0.373218829105448E+004  0.199488013297637E-001  0.480586047340982E+000
  0.351270068578290E+000  0.373206500629734E+004  0.605174244575307E-002  0.494416719973470E+000
  0.393061460826925E+000  0.373184018502783E+004  0.984919010521523E-002  0.490677041391110E+000
  0.450462786030934E+000  0.373291463325571E+004  0.810328146662890E-001  0.419419620726818E+000
  0.485290293851376E+000  0.373257506931972E+004  0.701220997051246E-001  0.430335992878960E+000
  0.542689518993145E+000  0.373198684598159E+004  0.327986056116158E-001  0.467671748178310E+000
  0.513264838962572E+000  0.373315598736357E+004  0.467610341212167E+000  0.329414137662467E-001
  0.538614803222671E+000  0.373217590446424E+004  0.412666593483369E+000  0.877993483107879E-001
  0.565319084444364E+000  0.373207912514757E+004  0.457164638225980E+000  0.433677530315832E-001
  0.529142541008450E+000  0.373205130467962E+004  0.433962716645447E+000  0.665690380257516E-001
  0.540825871901540E+000  0.373200762565087E+004  0.425581412361463E+000  0.748884172707525E-001
  0.538434771538558E+000  0.373184246490549E+004  0.442340337881345E+000  0.581859376316662E-001
  0.419201233271128E+000  0.373307199696850E+004  0.487334401790252E+000  0.132160992731069E-001
  0.530717044367699E+000  0.373260024110626E+004  0.482410275428475E+000  0.181325876399301E-001
  0.496764339111984E+000  0.373249690155338E+004  0.491223211247396E+000  0.931779110388851E-002
  0.546646871696724E+000  0.373206996093344E+004  0.487163972600299E+000  0.133043792756323E-001
  0.583323710405952E+000  0.373194008241247E+004  0.489558907914733E+000  0.109700562559996E-001
  0.444676075689732E+000  0.373267001206826E+004  0.377889155479698E+000  0.122567283774084E+000
  0.497065148674870E+000  0.373244726206016E+004  0.384741264398534E+000  0.115719164116641E+000
  0.500701126996941E+000  0.373206804240894E+004  0.390739808325700E+000  0.109792338658376E+000
  0.537034051000609E+000  0.373286108965825E+004  0.257105803259212E+000  0.243347478684739E+000
  0.507478102336106E+000  0.373230136106562E+004  0.267198247131589E+000  0.233265056952962E+000
  0.654002582682762E+000  0.373327261502694E+004  0.174417746112593E+000  0.326135668488609E+000
  0.100000000000000E+001  0.373242332706999E+004  0.159662372969705E+000  0.340798529317112E+000
  0.505605145932614E+000  0.373289475138139E+004  0.206743966996973E+000  0.293803808593671E+000
  0.548322765331105E+000  0.373179216976117E+004  0.753155859214613E-001  0.425160142996399E+000
  0.521898209799122E+000  0.373171693007301E+004  0.676672209039448E-001  0.432810938628923E+000
  0.515272069402968E+000  0.373156846235346E+004  0.983865758678011E-001  0.402097392602651E+000
  0.515749295464477E+000  0.373156661088418E+004  0.379765647830613E-001  0.462507500943630E+000
  0.519652736192747E+000  0.373155153090905E+004  0.891178571918850E-001  0.411366898638909E+000
  0.521518371882077E+000  0.373154436345052E+004  0.105770945589579E+000  0.394744467637638E+000
  0.537318768688214E+000  0.373148466939878E+004  0.846637616221230E-001  0.415848302662642E+000
  0.538714740982990E+000  0.373147948006939E+004  0.572417315234056E-001  0.443247045606671E+000
  0.545338666520119E+000  0.373145503843974E+004  0.374646101783170E-001  0.463045384695241E+000
  0.548789877406024E+000  0.373180436636161E+004  0.406805355928700E+000  0.936699966955931E-001
  0.535454107873366E+000  0.373166294689130E+004  0.437321327933531E+000  0.631991102429233E-001
  0.555843788537160E+000  0.373158820266675E+004  0.447034069107117E+000  0.534490068933004E-001
  0.457905039082111E+000  0.373157451222490E+004  0.463626972504936E+000  0.368567077598755E-001
  0.458489658465122E+000  0.373157196040105E+004  0.463189141565892E+000  0.372946437664194E-001
  0.462036318413915E+000  0.373155654887509E+004  0.407276219537432E+000  0.932083061014229E-001
  0.426523913641889E+000  0.373148093293261E+004  0.465619046982638E+000  0.348696140526349E-001
  0.433203078143112E+000  0.373144985656094E+004  0.461955776492242E+000  0.385351216143333E-001
  0.433740809413481E+000  0.373144737551760E+004  0.447716369828993E+000  0.527747593733530E-001
  0.561805520278806E+000  0.373174819270920E+004  0.495373940347930E+000  0.514946901937002E-002
  0.610908279621238E+000  0.373158061052512E+004  0.483502233522163E+000  0.170148686562578E-001
  0.539448965260886E+000  0.373152110646319E+004  0.497110035606994E+000  0.337627561368244E-002
  0.652070667267940E+000  0.373153975526642E+004  0.374353473301425E+000  0.126131883289262E+000
  0.387356951152663E+000  0.373145528058361E+004  0.277278486501673E+000  0.223212003229874E+000
  0.388886675851593E+000  0.373144739786934E+004  0.302574943562506E+000  0.197916175051952E+000
  0.389370122809078E+000  0.373144491310071E+004  0.302365194782084E+000  0.198144021502686E+000
  0.550029714334470E+000  0.373153598527264E+004  0.160937184901807E+000  0.339577785496635E+000
  0.552274887967136E+000  0.373152783806276E+004  0.133457330617410E+000  0.367028632617839E+000
  0.556130449093701E+000  0.373151392410349E+004  0.137482235904914E+000  0.363031558087107E+000
  0.564678243573855E+000  0.373148341770124E+004  0.143325611821941E+000  0.357162926263628E+000
  0.573170555932289E+000  0.373145356322478E+004  0.139685878508634E+000  0.360824023338946E+000
  0.715427243954814E+000  0.373175421650361E+004  0.202880865630190E+000  0.297642723759814E+000
  0.736840292225045E+000  0.373169523398232E+004  0.192922362877174E+000  0.307556547919353E+000
  0.780623281476156E+000  0.373157979096126E+004  0.197844860246261E+000  0.302638604714262E+000
  0.391546237457568E+000  0.373144470075916E+004  0.709444879298369E-001  0.429564695626289E+000
  0.338119636594109E+000  0.373142980704855E+004  0.112445941471967E+000  0.388061886082766E+000
  0.439067454437848E+000  0.373142296369027E+004  0.449600974540096E+000  0.508924257563857E-001
  0.441617454511406E+000  0.373141138176273E+004  0.448598271601560E+000  0.518965648171655E-001
  0.441713706462401E+000  0.373141094590377E+004  0.433623078286998E+000  0.668825483883262E-001
  0.331590251192694E+000  0.373140910561036E+004  0.419645556584492E+000  0.808598232452809E-001
  0.250045733816791E+000  0.373139825383972E+004  0.454514053165503E+000  0.459893559923383E-001
  0.284827928008756E+000  0.373141213799667E+004  0.492449980341477E+000  0.804473917387844E-002
  0.224682602618368E+000  0.373140420685362E+004  0.493774277410643E+000  0.672168273707177E-002
  0.224755015469873E+000  0.373140356237840E+004  0.477597049931324E+000  0.228989924313231E-001
  0.224804420282110E+000  0.373140312279414E+004  0.485322509395496E+000  0.151818913182089E-001
  0.224981613233042E+000  0.373140154699635E+004  0.486586851095991E+000  0.139095693412435E-001
  0.173437114945896E+000  0.373139722565960E+004  0.481292588562265E+000  0.192105962674243E-001
  0.173472331167012E+000  0.373139681960296E+004  0.498096360643837E+000  0.240668954618546E-002
  0.159083849447364E+000  0.373139597023677E+004  0.491389263911043E+000  0.911350901410603E-002
  0.159112298399831E+000  0.373139561260890E+004  0.482792585132638E+000  0.177101069648826E-001
  0.144656974253854E+000  0.373139548222374E+004  0.483412573025191E+000  0.170900579552294E-001
  0.144662632701359E+000  0.373139540399264E+004  0.480192619029075E+000  0.203099619484614E-001
  0.278236586362527E+000  0.373141053612184E+004  0.358623219674904E+000  0.141882379030767E+000
  0.278456413712535E+000  0.373140895659875E+004  0.379597631063883E+000  0.120897533316184E+000
  0.247752052258940E+000  0.373140705670070E+004  0.376643664993910E+000  0.123861412251748E+000
  0.198769142975406E+000  0.373140133838009E+004  0.391063317459099E+000  0.109440773999728E+000
  0.162824193479301E+000  0.373139894301843E+004  0.396052000702334E+000  0.104444961469812E+000
  0.116409626749932E+000  0.373139711017560E+004  0.386448206772188E+000  0.114049182716542E+000
  0.108152856907588E+000  0.373139603356671E+004  0.297369450568104E+000  0.203133360072801E+000
  0.100453844808907E+000  0.373139551202606E+004  0.345323537061992E+000  0.155174308072249E+000
  0.351223153391012E+000  0.373144040922474E+004  0.280369081169642E+000  0.220122629497621E+000
  0.318826817839185E+000  0.373142323563646E+004  0.315539673869695E+000  0.184953703771194E+000
  0.319658117706219E+000  0.373141802768063E+004  0.238818935482319E+000  0.261687591728827E+000
  0.320668931873301E+000  0.373141171331357E+004  0.245776259715768E+000  0.254729487797506E+000
  0.320949782231953E+000  0.373140996242713E+004  0.285887041313291E+000  0.214618478182651E+000
  0.321696124665209E+000  0.373140531699013E+004  0.326874611386247E+000  0.173621114450987E+000
  0.321991668764142E+000  0.373140348042201E+004  0.275581324086471E+000  0.224923128316292E+000
  0.322753659610064E+000  0.373139875302862E+004  0.229346344503443E+000  0.271157141513755E+000
  0.322985195201667E+000  0.373139731879186E+004  0.259069220870278E+000  0.241428114210622E+000
  0.536143930751684E+000  0.373142703915786E+004  0.155225817485268E+000  0.345267137604930E+000
  0.536810441507107E+000  0.373142455438923E+004  0.153921794797331E+000  0.346571458677406E+000
  0.457120164089533E+000  0.373141184369873E+004  0.145512353927094E+000  0.354982412130154E+000
  0.392050164168824E+000  0.373141065533113E+004  0.153450911989788E+000  0.347054615861324E+000
  0.340475597168253E+000  0.373140654633593E+004  0.121016960532169E+000  0.379478569603596E+000
  0.298872683512300E+000  0.373140013511132E+004  0.162472680914010E+000  0.338024018838439E+000
  0.298909427558586E+000  0.373139988924216E+004  0.139995311523724E+000  0.360501433950821E+000
  0.299028598417917E+000  0.373139909203004E+004  0.172834968300447E+000  0.327668611060810E+000
  0.299036396297945E+000  0.373139903987598E+004  0.167025588276327E+000  0.333471350784079E+000
  0.299146145174923E+000  0.373139830599379E+004  0.147402218391465E+000  0.353101325116885E+000
  0.299147816788942E+000  0.373139829481792E+004  0.164846191729703E+000  0.335657242153122E+000
  0.299162861735461E+000  0.373139819423508E+004  0.174282478675885E+000  0.326221062282337E+000
  0.299289938126887E+000  0.373139734486889E+004  0.126177968333200E+000  0.374325215022080E+000
  0.239473429932843E+000  0.373139699841689E+004  0.136687852687191E+000  0.363815218942942E+000
  0.215580289317811E+000  0.373139649550270E+004  0.122203311671215E+000  0.378299628334057E+000
  0.340388966919642E+000  0.373140721688818E+004  0.194600099850339E+000  0.305895326811480E+000
  0.273270997988651E+000  0.373140017981481E+004  0.190596736040073E+000  0.309899955337583E+000
  0.273337176897583E+000  0.373139969552707E+004  0.208766270088949E+000  0.291737454784564E+000
  0.158846240416467E+000  0.373139435346078E+004  0.477540724474912E-001  0.452744158888461E+000
  0.127116053727009E+000  0.373139373878788E+004  0.923298282077004E-002  0.491269019358176E+000
  0.104695508932764E+000  0.373139351527046E+004  0.967462989593108E-001  0.403755590998163E+000
  0.130204857545161E+000  0.373139527360748E+004  0.487945856396893E+000  0.125520828276683E-001
  0.117188082488696E+000  0.373139521027755E+004  0.476752733006093E+000  0.237498596424021E-001
  0.105477918474658E+000  0.373139504636478E+004  0.489120369436347E+000  0.113776421566500E-001
  0.105495798571881E+000  0.373139470736336E+004  0.495740377647634E+000  0.476202247674670E-002
  0.105500711217198E+000  0.373139461423110E+004  0.491271551541213E+000  0.922661643179119E-002
  0.105504641498165E+000  0.373139453972530E+004  0.491715154546586E+000  0.878715025520770E-002
  0.105544935320902E+000  0.373139377604078E+004  0.494735452001695E+000  0.576305910932665E-002
  0.816573728419852E-001  0.373139456580233E+004  0.355677182983460E+000  0.144825141031309E+000
  0.765680476214643E-001  0.373139419327330E+004  0.323273529378448E+000  0.177224779974217E+000
  0.765703295611074E-001  0.373139413366865E+004  0.364595127649494E+000  0.135907072894304E+000
  0.765767478809743E-001  0.373139396603059E+004  0.379676644097378E+000  0.120825487000419E+000
  0.711085695578081E-001  0.373139392132711E+004  0.353904380462730E+000  0.146597762772534E+000
  0.660345517712724E-001  0.373139376486491E+004  0.419105704690195E+000  0.813928146069319E-001
  0.660377498210866E-001  0.373139366800737E+004  0.394100264336117E+000  0.106401694758030E+000
  0.660384878545769E-001  0.373139364565562E+004  0.422469217856006E+000  0.780293312524580E-001
  0.323618706043149E+000  0.373139339978646E+004  0.252862853784581E+000  0.247639014800195E+000
  0.164363166722829E+000  0.373139529968452E+004  0.211425473651836E+000  0.289077115848737E+000
  0.164417058000732E+000  0.373139464403342E+004  0.180900249143142E+000  0.319602171879176E+000
  0.164481689584690E+000  0.373139385799717E+004  0.179827221831370E+000  0.320674868759101E+000
  0.143982944745721E+000  0.373139373506259E+004  0.163186123163282E+000  0.337315853820781E+000
  0.129589960524797E+000  0.373139365310620E+004  0.169341504160159E+000  0.331160526722799E+000
  0.104706430094921E+000  0.373139330665421E+004  0.800837594037591E-001  0.420414936290263E+000
  0.981663008092152E-001  0.373139322469782E+004  0.317285364409467E-001  0.468770223575161E+000
  0.920387927089192E-001  0.373139305333447E+004  0.328573151393656E-001  0.467644330081088E+000
  0.920458218373596E-001  0.373139290059756E+004  0.900786410786221E-001  0.410422906658020E+000
  0.859095937337930E-001  0.373139289687227E+004  0.553256403139554E-001  0.445176010904295E+000
  0.859097537530301E-001  0.373139289314698E+004  0.822745942784026E-002  0.492274125048957E+000
  0.797812183992057E-001  0.373139269570660E+004  0.635435961559383E-001  0.436957785193767E+000
  0.797830016683286E-001  0.373139265100311E+004  0.369540149902247E-001  0.463547455322963E+000
  0.797929589868488E-001  0.373139240140866E+004  0.578254336924832E-001  0.442675896036336E+000
  0.675283127491645E-001  0.373139206985783E+004  0.548426334870822E-001  0.445657021605120E+000
  0.107477297812039E+000  0.373139238650750E+004  0.449693135236642E+000  0.508060776088971E-001
  0.879972099029847E-001  0.373139279628944E+004  0.500384733609424E+000  0.116787845446666E-003
  0.550122925664098E-001  0.373139228592466E+004  0.481143866598459E+000  0.193557927101160E-001
  0.550127024414563E-001  0.373139227102350E+004  0.498671572445543E+000  0.182968372262953E-002
  0.471591029265627E-001  0.373139204378080E+004  0.485112107773815E+000  0.153874503467766E-001
  0.605471210446004E-001  0.373139325450014E+004  0.380431396313937E+000  0.120070414945179E+000
  0.512412457477400E-001  0.373139290059756E+004  0.404696448951583E+000  0.958051881177520E-001
  0.409955927642100E-001  0.373139277393769E+004  0.338220503285371E+000  0.162278472398637E+000
  0.382708926936974E-001  0.373139233807873E+004  0.321591979699034E+000  0.178907242670761E+000
  0.357209635980122E-001  0.373139225612234E+004  0.422302439134650E+000  0.781968777706362E-001
  0.357210966692192E-001  0.373139224867176E+004  0.392584071905773E+000  0.107917170369070E+000
  0.331720611833579E-001  0.373139209966015E+004  0.336781805191346E+000  0.163717564810314E+000
  0.331730498025511E-001  0.373139204005551E+004  0.377765868461965E+000  0.122734942539603E+000
  0.106052048844430E+000  0.373139320234608E+004  0.151017491111260E+000  0.349481245450507E+000
  0.106053234075059E+000  0.373139317999434E+004  0.151633481574086E+000  0.348868263810893E+000
  0.106066667614643E+000  0.373139292667460E+004  0.162629739479607E+000  0.337871927181431E+000
  0.848814719499219E-001  0.373139226357292E+004  0.153412118283588E+000  0.347087182685031E+000
  0.763933247549301E-001  0.373139226357292E+004  0.152179342313608E+000  0.348321858057600E+000
  0.687574501022217E-001  0.373139216299009E+004  0.147815255902549E+000  0.352685876004078E+000
  0.838781367149057E-001  0.373139295647692E+004  0.129704339132845E+000  0.370794497473680E+000
  0.699063896698653E-001  0.373139272923421E+004  0.140547668910615E+000  0.359951329026550E+000
  0.699067803033495E-001  0.373139271805834E+004  0.126616820375268E+000  0.373882167497548E+000
  0.699096450155996E-001  0.373139263610195E+004  0.133451906940795E+000  0.367047150337787E+000
  0.699282685068975E-001  0.373139210338544E+004  0.137068980852158E+000  0.363430454466993E+000
  0.506477439597720E-001  0.373139201025318E+004  0.813943834389754E-001  0.419106555061131E+000
  0.506486873563041E-001  0.373139197300028E+004  0.532036044016781E-001  0.447296225941579E+000
  0.472721081992197E-001  0.373139197300028E+004  0.114224036408000E+000  0.386276875779079E+000
  0.441207986817512E-001  0.373139196554970E+004  0.101730544194512E+000  0.398770265216534E+000
  0.386064179404075E-001  0.373139192829680E+004  0.121750786461072E+000  0.378749971930935E+000
  0.361936516507394E-001  0.373139192084622E+004  0.664803564028622E-001  0.434020575064531E+000
  0.339321172492420E-001  0.373139188731860E+004  0.452866006003958E-001  0.455213093220736E+000
  0.318117746967945E-001  0.373139186124157E+004  0.903425967313135E-001  0.410158200323702E+000
  0.471596299735537E-001  0.373139202142905E+004  0.488499579501284E+000  0.119999771387966E-001
  0.284342545388206E-001  0.373139202515434E+004  0.394408437569982E+000  0.106092515442055E+000
  0.284342545388206E-001  0.373139202515434E+004  0.400655464519020E+000  0.998439567722328E-001
  0.284352608522269E-001  0.373139195437383E+004  0.423011545448541E+000  0.774894005471619E-001
  0.284355256774635E-001  0.373139193574738E+004  0.410638860265593E+000  0.898620740434068E-001
  0.284357905051666E-001  0.373139191712093E+004  0.420006898963650E+000  0.804928966952555E-001
  0.284360553353360E-001  0.373139189849447E+004  0.312380305081563E+000  0.188120495403219E+000
  0.284362672012474E-001  0.373139188359331E+004  0.419308209927418E+000  0.811916390097649E-001
  0.284366379703907E-001  0.373139185751628E+004  0.309982692183559E+000  0.190517132265763E+000
  0.470417980374138E-001  0.373139185751628E+004  0.184978397366814E+000  0.315522335816103E+000
  0.687650066905573E-001  0.373139194319796E+004  0.156963954082412E+000  0.343536941155949E+000
  0.699369959053223E-001  0.373139185379099E+004  0.140207362219947E+000  0.360292508966483E+000
  0.963758294952009E-001  0.373139203633021E+004  0.469259970269255E+000  0.312411542417928E-001
  0.578298061929411E-001  0.373139188731860E+004  0.468725065473130E+000  0.317747399178945E-001
  0.298243720499324E-001  0.373139180536222E+004  0.775282154376493E-001  0.422971710994160E+000
  0.298244276022060E-001  0.373139180163693E+004  0.861080385408247E-001  0.414391753983445E+000
  0.298244831545832E-001  0.373139179791164E+004  0.195775255691560E-001  0.480923073311679E+000
  0.276945756075143E-001  0.373139176810931E+004  0.159795623670772E-001  0.484520599859474E+000
  0.276946787780403E-001  0.373139176065873E+004  0.103659810517310E-001  0.490133928792429E+000
  0.237385613930812E-001  0.373139173830699E+004  0.528294157397124E-001  0.447671078880483E+000
  0.192879044678627E-001  0.373139170477938E+004  0.944957888032655E-001  0.406004614095554E+000
  0.180824104386209E-001  0.373139170477938E+004  0.101431500133479E+000  0.399068660707084E+000
  0.180824104386209E-001  0.373139170477938E+004  0.159685000971816E-001  0.484532047048756E+000
  0.168452663158788E-001  0.373139171968054E+004  0.485911195956767E+000  0.145887087043075E-001
  0.168452663158788E-001  0.373139171968054E+004  0.493717758753399E+000  0.678272558809905E-002
  0.168453290695029E-001  0.373139171222996E+004  0.491099987496951E+000  0.939996779820298E-002
  0.168453290695029E-001  0.373139171222996E+004  0.500311511490511E+000  0.188927203166164E-003
  0.243756231735076E-001  0.373139174575757E+004  0.376736292047653E+000  0.123763880589846E+000
  0.470421485274272E-001  0.373139184261512E+004  0.235571001221498E+000  0.264929472632954E+000
  0.470423237734132E-001  0.373139183516454E+004  0.241072188157806E+000  0.259427761922874E+000
  0.376346301104028E-001  0.373139179418635E+004  0.177259986400420E+000  0.323239726016287E+000
  0.376350507125204E-001  0.373139177183460E+004  0.182671320077745E+000  0.317829293196021E+000
  0.376351909142709E-001  0.373139176438402E+004  0.266599312197865E+000  0.233900995204736E+000
  0.500138017703163E-001  0.373139182771396E+004  0.152020960692988E+000  0.348479737556474E+000
  0.454681087985402E-001  0.373139178301047E+004  0.153331406914011E+000  0.347168898707289E+000
  0.378906552760115E-001  0.373139175320815E+004  0.131267561804555E+000  0.369232920580357E+000
  0.347331006696740E-001  0.373139175320815E+004  0.151652977794240E+000  0.348847666948821E+000
  0.318387942223952E-001  0.373139174575757E+004  0.154490374511883E+000  0.346010073425595E+000
  0.291856700954241E-001  0.373139173830699E+004  0.140803359551102E+000  0.359696761871786E+000
  0.291856700954241E-001  0.373139173830699E+004  0.157765610499927E+000  0.342735081975045E+000
  0.243216182578516E-001  0.373139171968054E+004  0.113636835138945E+000  0.386863230199649E+000
  0.222948167363620E-001  0.373139171968054E+004  0.119418158128551E+000  0.381082232189298E+000
  0.222948167363620E-001  0.373139171968054E+004  0.201926072706959E+000  0.298574567112653E+000
  0.385557894090922E-001  0.373139175320815E+004  0.459877987411361E+000  0.406227371265871E-001
  0.518999940681324E-001  0.373139183143925E+004  0.430605953527395E+000  0.698938241347441E-001
  0.415223154298613E-001  0.373139171968054E+004  0.436640738926794E+000  0.638594293103381E-001
  0.415225474545278E-001  0.373139170850467E+004  0.433159675046801E+000  0.673406956893446E-001
  0.158222270181323E-001  0.373139168987822E+004  0.246592523546414E-001  0.475841311870375E+000
  0.158222270181323E-001  0.373139168987822E+004  0.301687350146120E-002  0.497483470076612E+000
  0.147674668965896E-001  0.373139168242764E+004  0.529209156015037E-001  0.447579144413297E+000
  0.147674944031658E-001  0.373139167870235E+004  0.499544478330587E-001  0.450545822461954E+000
  0.147674944031658E-001  0.373139167870235E+004  0.716335499461330E-001  0.428866800742815E+000
  0.147674944031658E-001  0.373139167870235E+004  0.879121863041154E-001  0.412587462793140E+000
  0.147675219097932E-001  0.373139167497706E+004  0.509439409691688E-001  0.449556354211846E+000
  0.123064057921940E-001  0.373139165262531E+004  0.237365282010674E-001  0.476764025439942E+000
  0.123064057921940E-001  0.373139165262531E+004  0.414121203948833E-002  0.496358874984417E+000
  0.123064057921940E-001  0.373139165262531E+004  0.850622846161131E-001  0.415437908468273E+000
  0.110757652129746E-001  0.373139165262531E+004  0.218546111479437E-001  0.478645462689455E+000
  0.996820725889283E-002  0.373139164890002E+004  0.546419342913400E-001  0.445858206072164E+000
  0.897143666467248E-002  0.373139163772415E+004  0.430406283076120E-001  0.457459772358114E+000
  0.897143666467248E-002  0.373139163772415E+004  0.341484486429471E-001  0.466351873725447E+000
  0.168453918233607E-001  0.373139170477938E+004  0.484562894383380E+000  0.159374165010170E-001
  0.151609091197072E-001  0.373139169732880E+004  0.492905688186264E+000  0.759487834900536E-002
  0.151609091197072E-001  0.373139169732880E+004  0.485121300551002E+000  0.153791856865063E-001
  0.151609373591273E-001  0.373139169360351E+004  0.500234116453822E+000  0.266216060258148E-003
  0.132658448987755E-001  0.373139168987822E+004  0.483920583292201E+000  0.165798371856517E-001
  0.132658448987755E-001  0.373139168987822E+004  0.495457716226962E+000  0.504244318876162E-002
  0.994955046502014E-002  0.373139165635060E+004  0.495116114992300E+000  0.538388164941676E-002
  0.773859690739628E-002  0.373139164144944E+004  0.499966650344699E+000  0.533532353567968E-003
  0.773859690739628E-002  0.373139164144944E+004  0.484037800805432E+000  0.164620526368996E-001
  0.677128490646120E-002  0.373139163772415E+004  0.496233629215862E+000  0.426667418266230E-002
  0.677131013151016E-002  0.373139163027357E+004  0.490283362276957E+000  0.102169550277523E-001
  0.243761226131230E-001  0.373139170477938E+004  0.300277712953020E+000  0.200222238795041E+000
  0.243762134214252E-001  0.373139169732880E+004  0.424124700912772E+000  0.763754951745691E-001
  0.195010797076095E-001  0.373139168615293E+004  0.323936097545770E+000  0.176564092864247E+000
  0.130010588296824E-001  0.373139163399886E+004  0.326767034651659E+000  0.173733775240479E+000
  0.107534925423854E-001  0.373139165635060E+004  0.251517200768006E+000  0.248983201841883E+000
  0.107535526323755E-001  0.373139164517473E+004  0.274983675981092E+000  0.225516199161356E+000
  0.107535926925554E-001  0.373139163772415E+004  0.284540832926033E+000  0.215959098485347E+000
  0.159250767354173E-001  0.373139169360351E+004  0.148539876182550E+000  0.351960381378171E+000
  0.138017588784500E-001  0.373139168987822E+004  0.155597794934681E+000  0.344902209097014E+000
  0.113661967127915E-001  0.373139168242764E+004  0.213749431571104E+000  0.286750929340739E+000
  0.113661967127915E-001  0.373139168242764E+004  0.221843186829305E+000  0.278657090994276E+000
  0.113661967127915E-001  0.373139168242764E+004  0.172891061142772E+000  0.327608948069637E+000
  0.884044108723336E-002  0.373139166752648E+004  0.182283988259457E+000  0.318216581086800E+000
  0.884047402050412E-002  0.373139166007589E+004  0.164240242343204E+000  0.336260168957867E+000
  0.884047402050412E-002  0.373139166007589E+004  0.145781908654751E+000  0.354718330771234E+000
  0.736708912824915E-002  0.373139165262531E+004  0.176982674802319E+000  0.323517268047518E+000
  0.659163061780928E-002  0.373139164517473E+004  0.216007467674544E+000  0.284493037690248E+000
  0.593247860612059E-002  0.373139164144944E+004  0.211895643362034E+000  0.288604994150169E+000
  0.536749064135372E-002  0.373139163772415E+004  0.155872061864608E+000  0.344627996612458E+000
  0.536749064135372E-002  0.373139163772415E+004  0.161702587006693E+000  0.338797565698972E+000
  0.275406190431824E-001  0.373139169732880E+004  0.477190257748122E+000  0.233099089058452E-001
  0.206556181781602E-001  0.373139168242764E+004  0.469188096547127E+000  0.313125550853540E-001
  0.206556181781602E-001  0.373139168242764E+004  0.470513823129131E+000  0.299864832439414E-001
  0.206558105494910E-001  0.373139166380119E+004  0.466813299810408E+000  0.336870119441281E-001
  0.206558490239722E-001  0.373139166007589E+004  0.457939294576162E+000  0.425609846309637E-001
  0.165247099988193E-001  0.373139165635060E+004  0.458920625433348E+000  0.415797734372652E-001
  0.165247407785189E-001  0.373139165262531E+004  0.460691082523689E+000  0.398091409970249E-001
  0.207615057538764E-001  0.373139168615293E+004  0.429989597675943E+000  0.705105402671116E-001
  0.207616991113667E-001  0.373139166752648E+004  0.441870151125505E+000  0.586304348223988E-001
  0.103809268993260E-001  0.373139165262531E+004  0.445807595255860E+000  0.546927407527696E-001
  0.103809268993260E-001  0.373139165262531E+004  0.415836218009163E+000  0.846641170627182E-001
  0.652472982351510E-002  0.373139162282299E+004  0.236851790521611E-001  0.476814309116957E+000
  0.652472982351510E-002  0.373139162282299E+004  0.223271475042028E-001  0.478172346595232E+000
  0.533843519733268E-002  0.373139161537241E+004  0.244939149562871E-001  0.476005587701962E+000
  0.485313194632045E-002  0.373139161164712E+004  0.223271546265826E-001  0.478172339473587E+000
  0.485314098599155E-002  0.373139160792183E+004  0.456314360617530E-001  0.454868209690642E+000
  0.485315906538426E-002  0.373139160047125E+004  0.101321584445494E-001  0.490368594274776E+000
  0.431392720453835E-002  0.373139159674596E+004  0.421720656021765E-001  0.458328036303213E+000
  0.431395934592041E-002  0.373139158184480E+004  0.844925880819339E-001  0.416007912899556E+000
  0.580406659941136E-002  0.373139160047125E+004  0.490674407392770E+000  0.982608597518100E-002
  0.580406659941136E-002  0.373139160047125E+004  0.483874502938890E+000  0.166255920821350E-001
  0.580410984323845E-002  0.373139158557009E+004  0.488105258512227E+000  0.123951217653407E-001
  0.580417470958318E-002  0.373139156321835E+004  0.481162079057238E+000  0.193379500875132E-001
  0.928652248497198E-002  0.373139162282299E+004  0.364213113052080E+000  0.136287300424850E+000
  0.795990606859695E-002  0.373139161537241E+004  0.350405643164860E+000  0.150094717785606E+000
  0.597002963102907E-002  0.373139158184480E+004  0.323098820559416E+000  0.177401455637143E+000
  0.597011859206575E-002  0.373139155204248E+004  0.322668733646173E+000  0.177832126525103E+000
  0.447769736743297E-002  0.373139150361370E+004  0.326202296953547E+000  0.174298510859276E+000
  0.447773072900238E-002  0.373139148871254E+004  0.333895791213279E+000  0.166604386392881E+000
  0.447775575034255E-002  0.373139147753667E+004  0.326202338874115E+000  0.174298468938097E+000
  0.477956148153547E-002  0.373139155949306E+004  0.254863699193195E+000  0.245635955534360E+000
  0.424851492161994E-002  0.373139155204248E+004  0.281000536166669E+000  0.219499881848531E+000
  0.424852283510302E-002  0.373139154831719E+004  0.282442486896571E+000  0.218057931742881E+000
  0.424854657564070E-002  0.373139153714131E+004  0.271016376568911E+000  0.229484038168122E+000
  0.424857822989730E-002  0.373139152224015E+004  0.274031503761444E+000  0.226468606753690E+000
  0.536751063685178E-002  0.373139163027357E+004  0.189828723997405E+000  0.310671585067239E+000
  0.536751063685178E-002  0.373139163027357E+004  0.221459626955107E+000  0.279040635722191E+000
  0.536752063462874E-002  0.373139162654828E+004  0.157647218876981E+000  0.342853026949776E+000
  0.477115611384099E-002  0.373139161537241E+004  0.168634414408073E+000  0.331866599254074E+000
  0.477115611384099E-002  0.373139161537241E+004  0.168634407610346E+000  0.331866606053112E+000
  0.449049987185113E-002  0.373139161537241E+004  0.139337516906270E+000  0.361162574368512E+000
  0.449049987185113E-002  0.373139161537241E+004  0.210739388836794E+000  0.289760790594432E+000
  0.420985147131246E-002  0.373139161164712E+004  0.157140653259641E+000  0.343359766962882E+000
  0.371459558449072E-002  0.373139160047125E+004  0.152102546714302E+000  0.348397802928517E+000
  0.371459558449072E-002  0.373139160047125E+004  0.203258632847138E+000  0.297241754137168E+000
  0.348244633355935E-002  0.373139159302067E+004  0.120253338593495E+000  0.380246748718909E+000
  0.348245282012716E-002  0.373139158929538E+004  0.220587357438586E+000  0.279912818754418E+000
  0.286791834815543E-002  0.373139157811951E+004  0.209263611322101E+000  0.291236644156965E+000
  0.269922229654066E-002  0.373139157439422E+004  0.160924822862057E+000  0.339574966422533E+000
  0.254045397830259E-002  0.373139156694364E+004  0.162729049976590E+000  0.337771118863624E+000
  0.225819813887120E-002  0.373139155204248E+004  0.167599918005135E+000  0.332900144118168E+000
  0.225819813887120E-002  0.373139155204248E+004  0.148332643788762E+000  0.352167132441934E+000
  0.225821496382111E-002  0.373139153714131E+004  0.166028164775671E+000  0.334472625301408E+000
  0.211709230209032E-002  0.373139152224015E+004  0.164678553651805E+000  0.335821244414584E+000
  0.211711596257277E-002  0.373139149988841E+004  0.157584414188396E+000  0.342915842377664E+000
  0.197598225949519E-002  0.373139149243783E+004  0.125150696193230E+000  0.375349068230879E+000
  0.991497374281401E-002  0.373139162654828E+004  0.459196753631661E+000  0.413033932500656E-001
  0.360560617694091E-002  0.373139153714131E+004  0.466306408605210E+000  0.341941233579389E-001
  0.327783600808628E-002  0.373139152969073E+004  0.457394931931965E+000  0.431053726675717E-001
  0.327784211353730E-002  0.373139152596544E+004  0.455211939519601E+000  0.452884358923826E-001
  0.889806993286708E-002  0.373139162282299E+004  0.441771072171428E+000  0.587290619464243E-001
  0.762700232323089E-002  0.373139160047125E+004  0.434487529212037E+000  0.660128068276731E-001
  0.762713018189252E-002  0.373139156694364E+004  0.437085352393901E+000  0.634148322847538E-001
  0.635595365711855E-002  0.373139156321835E+004  0.433013706511684E+000  0.674863843107124E-001
  0.529663791334737E-002  0.373139155949306E+004  0.424233870412576E+000  0.762664847792158E-001
  0.441390603530108E-002  0.373139154086661E+004  0.434252922688887E+000  0.662470586564548E-001
  0.441393069999199E-002  0.373139152969073E+004  0.437248226074081E+000  0.632519261521417E-001
  0.441394714319583E-002  0.373139152224015E+004  0.446041805791507E+000  0.544585064184534E-001
  0.441401291662376E-002  0.373139149243783E+004  0.430980968642052E+000  0.695190720168613E-001
  0.217671552552320E-002  0.373139142538261E+004  0.482734005896164E+000  0.177663140360777E-001
  0.217671552552320E-002  0.373139142538261E+004  0.490325748331359E+000  0.101744517297921E-001
  0.145117341660975E-002  0.373139138440441E+004  0.482257056401108E+000  0.182434035158759E-001
  0.319845058228734E-002  0.373139144400906E+004  0.326202326489905E+000  0.174298481326083E+000
  0.319845058228734E-002  0.373139144400906E+004  0.326202334978132E+000  0.174298472831023E+000
  0.266539037922704E-002  0.373139143283319E+004  0.322668673194335E+000  0.177832186974030E+000
  0.266539037922704E-002  0.373139143283319E+004  0.322668668474109E+000  0.177832191689347E+000
  0.213234010575146E-002  0.373139140675615E+004  0.323050070713305E+000  0.177450766238841E+000
  0.213235996480871E-002  0.373139138812970E+004  0.341952402443412E+000  0.158547636857756E+000
  0.265543063853259E-002  0.373139147008609E+004  0.287814205947783E+000  0.212685741453805E+000
  0.232350613657949E-002  0.373139146636080E+004  0.273251349649936E+000  0.227249011357339E+000
  0.232352777601743E-002  0.373139144773435E+004  0.280953756247391E+000  0.219546458905416E+000
  0.232353643184903E-002  0.373139144028377E+004  0.271704155528639E+000  0.228796211964455E+000
  0.232359702357315E-002  0.373139138812970E+004  0.267425519424763E+000  0.233074459388713E+000
  0.232361000771960E-002  0.373139137695383E+004  0.276408382114121E+000  0.224091955450785E+000
  0.197600066234974E-002  0.373139147381138E+004  0.186080887833341E+000  0.314419201739863E+000
  0.197600066234974E-002  0.373139147381138E+004  0.187319743548138E+000  0.313180601346894E+000
  0.197601170414473E-002  0.373139146263551E+004  0.172399791767098E+000  0.328100640212107E+000
  0.197601170414473E-002  0.373139146263551E+004  0.203677257872717E+000  0.296822650025601E+000
  0.197601906537567E-002  0.373139145518493E+004  0.172607377950490E+000  0.327892974779135E+000
  0.197603378791983E-002  0.373139144028377E+004  0.172498779970602E+000  0.328001114643497E+000
  0.197603378791983E-002  0.373139144028377E+004  0.164678542496281E+000  0.335821255607941E+000
  0.197604482989993E-002  0.373139142910790E+004  0.218521090774810E+000  0.281979520475971E+000
  0.294275749629491E-002  0.373139143655848E+004  0.437534861200237E+000  0.629652870972632E-001
  0.294282327278572E-002  0.373139139185499E+004  0.437527170785128E+000  0.629729748567237E-001
  0.147142259930477E-002  0.373139137695383E+004  0.436082622834285E+000  0.644175178647525E-001
  0.204051539874050E-002  0.373139145518493E+004  0.236663687064024E-001  0.476833119005062E+000
  0.136037653944528E-002  0.373139140675615E+004  0.923214815264023E-001  0.408178545309318E+000
  0.324515435970139E-002  0.373139147008609E+004  0.454266531849934E+000  0.462339100967210E-001
  0.145118422873453E-002  0.373139136950325E+004  0.490371797857264E+000  0.101283122655387E-001
  0.232364463246485E-002  0.373139134715151E+004  0.279937702302549E+000  0.220562745277853E+000
  0.169382527468321E-002  0.373139134342622E+004  0.182507185925422E+000  0.317993069204722E+000
  0.153045211350257E-002  0.373139136950325E+004  0.236664084522068E-001  0.476833079261557E+000
  0.153045211350257E-002  0.373139136950325E+004  0.246124607225012E-001  0.475887032021965E+000
  0.153047491918613E-002  0.373139133970093E+004  0.246694718517300E-001  0.475830025788093E+000
  0.136040187866889E-002  0.373139136950325E+004  0.495605905114280E-001  0.450939050263032E+000
  0.136041454845769E-002  0.373139135087680E+004  0.495606255989921E-001  0.450939015178307E+000
  0.102125758436925E-002  0.373139136205267E+004  0.464935186008194E+000  0.355653327584505E-001
  0.102126138885730E-002  0.373139135460209E+004  0.465568580248383E+000  0.349320960086997E-001
  0.936161504314547E-003  0.373139134342622E+004  0.465764079233554E+000  0.347366173392032E-001
  0.154911373424177E-002  0.373139132479977E+004  0.271729954584207E+000  0.228770412689439E+000
  0.154911373424177E-002  0.373139132479977E+004  0.271729949953381E+000  0.228770417319203E+000
  0.169383473969595E-002  0.373139133225035E+004  0.164355272401803E+000  0.336144524572255E+000
  0.169383473969595E-002  0.373139133225035E+004  0.171926813740796E+000  0.328573602064009E+000
  0.858151242478133E-003  0.373139133597564E+004  0.465759294967117E+000  0.347414015915375E-001
  0.112873668778338E-002  0.373139130244803E+004  0.490417374121837E+000  0.100827375836907E-001
  0.112874299510875E-002  0.373139129127216E+004  0.479603394437748E+000  0.208969431936658E-001
  0.112874509755837E-002  0.373139128754686E+004  0.489715452835563E+000  0.107846907342965E-001
  0.213247515098807E-002  0.373139128009628E+004  0.337844885366810E+000  0.162655304950294E+000
  0.213247912303626E-002  0.373139127637099E+004  0.337844892271596E+000  0.162655297982423E+000
  0.169384735979521E-002  0.373139131734919E+004  0.188560494951725E+000  0.311939688367652E+000
  0.169385682493136E-002  0.373139130617332E+004  0.177166636138636E+000  0.323333713937191E+000
  0.118015724432009E-002  0.373139129872274E+004  0.458892702568525E+000  0.416076309258201E-001
  0.118015944253630E-002  0.373139129499745E+004  0.458549543173512E+000  0.419507919254610E-001
  0.118016823544210E-002  0.373139128009628E+004  0.458808941175305E+000  0.416913936136804E-001
  0.726132031972243E-003  0.373139132479977E+004  0.469108616418533E+000  0.313919958289683E-001
  0.726132031972243E-003  0.373139132479977E+004  0.465771640884602E+000  0.347290811851915E-001
  0.112875350739602E-002  0.373139127264570E+004  0.482075433574120E+000  0.184250184378309E-001
  0.169391361685898E-002  0.373139123911809E+004  0.164678658756908E+000  0.335821139324250E+000
  0.118017702841342E-002  0.373139126519512E+004  0.455207856469040E+000  0.452925651221725E-001
  0.665640866655930E-003  0.373139126519512E+004  0.465764075451467E+000  0.347366211199785E-001
  0.112877663477265E-002  0.373139123166751E+004  0.479603396495309E+000  0.208969411354963E-001
  0.112877663477265E-002  0.373139123166751E+004  0.481664039565300E+000  0.188363799856703E-001
  0.112877663477265E-002  0.373139123166751E+004  0.481664035302358E+000  0.188363842461287E-001
  0.112878083980113E-002  0.373139122421693E+004  0.490208949513767E+000  0.102912584240804E-001
  0.118019681283840E-002  0.373139123166751E+004  0.458557152714167E+000  0.419431821510067E-001
  0.118019681283840E-002  0.373139123166751E+004  0.458557154899397E+000  0.419431800295148E-001
  0.907013986228270E-003  0.373139119441461E+004  0.642090195932139E-001  0.436290745322629E+000
  0.118022099425268E-002  0.373139119068932E+004  0.458862322641810E+000  0.416380102475598E-001
  0.118023638268337E-002  0.373139116461229E+004  0.454785033691268E+000  0.457154095719494E-001
  0.118028254917932E-002  0.373139108638119E+004  0.458782735445730E+000  0.417176059930552E-001
  0.118034410731638E-002  0.373139098207306E+004  0.456298781729327E+000  0.442015453123139E-001
  0.665654505175695E-003  0.373139122421693E+004  0.471638488526243E+000  0.288619844128275E-001
  0.665679303200294E-003  0.373139114971112E+004  0.465695376651841E+000  0.348053239965089E-001
  0.665681783053563E-003  0.373139114226054E+004  0.466092092704140E+000  0.344085555506208E-001
  0.665681783053563E-003  0.373139114226054E+004  0.465118336042575E+000  0.353823985910484E-001
  0.665696662367182E-003  0.373139109755706E+004  0.465209915601683E+000  0.352908149517870E-001
  0.665701622212295E-003  0.373139108265590E+004  0.465454029018134E+000  0.350466919579207E-001
  0.665704102148709E-003  0.373139107520532E+004  0.465209903221717E+000  0.352908273291275E-001
  0.665710302030163E-003  0.373139105657887E+004  0.464840978811707E+000  0.356597729760293E-001
  0.907125496465675E-003  0.373139094854545E+004  0.642051862577952E-001  0.436294578785272E+000
  0.907191395322521E-003  0.373139080325913E+004  0.642051718744912E-001  0.436294593168531E+000
  0.907204913628455E-003  0.373139077345680E+004  0.495260915080503E-001  0.450973549062997E+000
  0.907211672856962E-003  0.373139075855564E+004  0.494040152943557E-001  0.451095623364071E+000
  0.907237020412388E-003  0.373139070267629E+004  0.494040372470368E-001  0.451095601410122E+000
  0.907245469754910E-003  0.373139068404984E+004  0.643272618105942E-001  0.436172505345964E+000
  0.907245469754910E-003  0.373139068404984E+004  0.642357114500069E-001  0.436264054572359E+000
  0.890726869761411E-003  0.373139073620390E+004  0.223347820446960E-001  0.478164708340477E+000
  0.890726869761411E-003  0.373139073620390E+004  0.223347821038419E-001  0.478164708277072E+000
  0.890735165340457E-003  0.373139071757745E+004  0.223347849098394E-001  0.478164705486783E+000
  0.890735165340457E-003  0.373139071757745E+004  0.223347838152910E-001  0.478164706569657E+000
  0.890735165340457E-003  0.373139071757745E+004  0.223347838076787E-001  0.478164706575891E+000
  0.890743460996761E-003  0.373139069895100E+004  0.223347956879768E-001  0.478164694700598E+000
  0.890743460996761E-003  0.373139069895100E+004  0.223347767232657E-001  0.478164713672656E+000
  0.665810748154594E-003  0.373139075483035E+004  0.464840930436292E+000  0.356598213465015E-001
  0.890753415886309E-003  0.373139067659926E+004  0.223347743024913E-001  0.478164716083183E+000
  0.890765030064730E-003  0.373139065052222E+004  0.222129778960845E-001  0.478286775176905E+000
  0.890773325999172E-003  0.373139063189577E+004  0.223347973140400E-001  0.478164693075540E+000
  0.665905007682361E-003  0.373139047170829E+004  0.465652504437464E+000  0.348481974686242E-001
