  0.504860993737159E-050  0.207135930803990E+004  0.715855040748442E+000 -0.161336137450530E-002
  0.164980813592179E-019  0.193082596508240E+004 -0.638774076491653E+000  0.433187646949484E-002
  0.288430007895828E-013  0.190206772235608E+004 -0.559155615410445E-002  0.783961049675555E+000
  0.864652847845414E-009  0.188144131523943E+004 -0.797263631636413E-002  0.718050091438402E+000
  0.399807577837692E-006  0.186915851903534E+004 -0.106429020931986E-001  0.524309939721327E+000
  0.858866827913830E-005  0.186301411276137E+004 -0.566208132308179E+000  0.176340880088508E-001
  0.284248739042483E-004  0.186061049585616E+004 -0.529852626885619E+000  0.195861603930310E-001
  0.952801431559566E-003  0.185357623693919E+004 -0.794198804240041E+000  0.323880173887952E-001
  0.146738503244579E-002  0.185270260048484E+004 -0.899493316508878E+000  0.355028287416514E-001
  0.651881432327137E-002  0.184971020424193E+004 -0.177797388205721E+000  0.281535702467728E-001
  0.707806871536865E-002  0.184953561199283E+004  0.296652307858929E+000 -0.228210526928643E-001
  0.152460965122336E-001  0.184799099208241E+004 -0.263061141160931E-001  0.631514533740161E+000
  0.218126345375459E-001  0.184726468527144E+004  0.508569600708196E+000 -0.274929379430904E-001
  0.240892171664224E-001  0.184705616028434E+004 -0.626984298767911E+000  0.606893625556408E-001
  0.393762508038555E-001  0.184606338811493E+004  0.803820739552668E-001 -0.991242096511404E+000
  0.430395800233990E-001  0.184587549844211E+004 -0.879977634711979E+000  0.804392119530579E-001
  0.553896129385694E-001  0.184536097950688E+004  0.880965700845586E-001 -0.885678664549539E+000
  0.612840249087238E-001  0.184514875018423E+004  0.906261581811090E-001 -0.856369888574380E+000
  0.735489215756886E-001  0.184477391194006E+004 -0.969982791035105E+000  0.100853090657762E+000
  0.917797980019610E-001  0.184432105400985E+004  0.104887628494067E+000 -0.825190049749512E+000
  0.113797181067475E+000  0.184388102784207E+004 -0.616657363167127E+000  0.102264505816066E+000
  0.115920397694127E+000  0.184383408080241E+004  0.508568177372908E-001 -0.181943261556931E+000
  0.130931320529327E+000  0.184358056734702E+004  0.128164023049766E+000 -0.940370674107700E+000
  0.135870562999320E+000  0.184349653271412E+004 -0.467758808248908E+000  0.964530586213019E-001
  0.147909669567061E+000  0.184331675951755E+004  0.101010020685643E+000 -0.476471416799219E+000
  0.167677608335301E+000  0.184305590165233E+004  0.134375757270668E+000 -0.770118492211489E+000
  0.174348620808217E+000  0.184296789911961E+004 -0.404666035745886E+000  0.988220129302921E-001
  0.177811042891407E+000  0.184291859490251E+004 -0.613504280460640E+000  0.125377486284193E+000
  0.181592606291612E+000  0.184286653117662E+004 -0.668446032467413E+000  0.132131168929497E+000
  0.182908194226225E+000  0.184284211888364E+004  0.150526918152504E+000 -0.906105276846570E+000
  0.200866011812164E+000  0.184264483635699E+004  0.104372046275707E+000 -0.395901750592887E+000
  0.216020410802932E+000  0.184248939163437E+004 -0.625129986986966E+000  0.140048883566644E+000
  0.235325355804534E+000  0.184230822424790E+004 -0.392480850615556E+000  0.111821040928865E+000
  0.236918934707814E+000  0.184228475119373E+004  0.172507374275039E+000 -0.890399336934194E+000
  0.237059179899140E+000  0.184227359255230E+004  0.330713616568377E+000 -0.428576377478271E-001
  0.253242845079807E+000  0.184213153931698E+004  0.164416666062630E+000 -0.722258056420882E+000
  0.253105597810644E+000  0.184212264844602E+004  0.176507177008208E+000 -0.845185693647858E+000
  0.276157801636320E+000  0.184193834203681E+004  0.817647788512470E+000 -0.476785521714042E-001
  0.284684140290682E+000  0.184186755127659E+004 -0.468497937684892E+000  0.139189710874068E+000
  0.291987915622557E+000  0.184180691193243E+004  0.168824803185242E+000 -0.638168614569808E+000
  0.309335917229907E+000  0.184168150608813E+004  0.196926498205997E+000 -0.816826045452244E+000
  0.313684195471096E+000  0.184164361313371E+004  0.674970630250677E+000 -0.492158757934400E-001
  0.312457320060075E+000  0.184164147574840E+004  0.184727096187086E+000 -0.695366805852070E+000
  0.324640718252240E+000  0.184155499825640E+004  0.132028557434079E+000 -0.383249967716474E+000
  0.363838250789003E+000  0.184131704254461E+004 -0.521037553532497E-001  0.781598448066668E+000
  0.396041519398165E+000  0.184113744816197E+004  0.229459772843936E+000 -0.793160223927968E+000
  0.394777597069814E+000  0.184113386606252E+004  0.206622432746788E+000 -0.645301716843591E+000
  0.441214799118091E+000  0.184090147244198E+004 -0.964042510407029E+000  0.270993368051714E+000
  0.442519439789063E+000  0.184088559222793E+004  0.994759725249095E-001 -0.215358242707508E+000
  0.451852413206953E+000  0.184083387472121E+004 -0.794032119891575E+000  0.254016630432348E+000
  0.473062701299878E+000  0.184073215497112E+004 -0.796486550289958E+000  0.263614917914597E+000
  0.480617566195147E+000  0.184069049202291E+004  0.113283087985480E+000 -0.235780328821172E+000
  0.523948567143260E+000  0.184050787363587E+004 -0.489006023047025E+000  0.213271572886587E+000
  0.530192353615567E+000  0.184047420585914E+004 -0.540215857799764E-001  0.255019176601630E+000
  0.537248057406036E+000  0.184043779068081E+004 -0.339893165274290E+000  0.166140801637729E+000
  0.555278546582363E+000  0.184036179569004E+004 -0.938387886652858E+000  0.328143852396500E+000
  0.559009632733494E+000  0.184033842694400E+004 -0.480918111731813E+000  0.223619565616151E+000
  0.559461929949228E+000  0.184032683430625E+004  0.970334766696676E+000 -0.626934189316455E-001
  0.560398000569983E+000  0.184031351569494E+004  0.247694365657291E+000 -0.551036869535173E+000
  0.572738928322761E+000  0.184025997512428E+004 -0.810564085687994E+000  0.318157991897988E+000
  0.580781295215345E+000  0.184022211150652E+004 -0.358870609284165E+000  0.186528502747518E+000
  0.585564840949335E+000  0.184019573109610E+004  0.293290018838732E+000 -0.670155407339194E+000
  0.621636653505578E+000  0.184006619832864E+004 -0.692766638484582E+000  0.315547587628368E+000
  0.623698889678803E+000  0.184004959936639E+004 -0.960467402728691E+000  0.379530207302614E+000
  0.631799238681604E+000  0.184001381632326E+004 -0.665768489074832E-001  0.905963978641290E+000
  0.630562463821253E+000  0.184000776016539E+004 -0.541805015852514E+000  0.275580820357319E+000
  0.628428053577450E+000  0.184000456642745E+004 -0.408607791626204E+000  0.223809296696857E+000
  0.638244002098638E+000  0.183996359312361E+004  0.297374641045629E+000 -0.589722623543044E+000
  0.644183281272747E+000  0.183993509279018E+004  0.734392079490828E+000 -0.667691308304847E-001
  0.659536097118329E+000  0.183987801086543E+004  0.173311500210699E+000 -0.285110075287399E+000
  0.684400926043425E+000  0.183979402140168E+004 -0.680324429490904E+000  0.352071095048033E+000
  0.683892498816618E+000  0.183978553262925E+004 -0.681438407135896E+000  0.353847390131685E+000
  0.722373357284950E+000  0.183963921090974E+004  0.426801706294427E+000 -0.819489336542741E+000
  0.726423875467756E+000  0.183956453036437E+004  0.413274313641266E+000 -0.729893605393353E+000
  0.747311505111416E+000  0.183950783354150E+004  0.452406248780653E+000 -0.800303949265085E+000
  0.759811972991476E+000  0.183947465575686E+004  0.331150150147459E+000 -0.503302523660578E+000
  0.767508243088914E+000  0.183939100191848E+004  0.295511237603414E+000 -0.416513457739109E+000
  0.759752901335737E+000  0.183934913268233E+004  0.433002201881538E+000 -0.736648239879838E-001
  0.753106249350187E+000  0.183934619354470E+004  0.412158306053396E+000 -0.611775879852883E+000
  0.752256011976677E+000  0.183926763369156E+004  0.382076211955931E+000 -0.524649575684514E+000
  0.746756436296083E+000  0.183924270369964E+004  0.370898105315093E+000 -0.497523455700425E+000
  0.746831369938506E+000  0.183922279842583E+004  0.597861398427547E+000 -0.923219266738376E+000
  0.740108752294996E+000  0.183922117839022E+004  0.629612326758804E+000 -0.999225116418838E+000
  0.753328593939541E+000  0.183916606504856E+004  0.384135610858231E+000 -0.492106101967325E+000
  0.748114418262319E+000  0.183916025161663E+004  0.633673759814067E+000 -0.935151054511354E+000
  0.744640737542993E+000  0.183914985514631E+004  0.562905492382261E+000 -0.781945073493170E+000
  0.745605197571110E+000  0.183914726641880E+004  0.567706371824322E+000 -0.788875897098923E+000
  0.747672462820164E+000  0.183914172889119E+004  0.459085785512944E+000 -0.784616226476765E-001
  0.752092250131878E+000  0.183912994090853E+004  0.365468488377453E+000 -0.453476006194839E+000
  0.747165127210210E+000  0.183912278171549E+004  0.392414928786232E+000 -0.489448062785371E+000
  0.740645063345050E+000  0.183912000637421E+004  0.497331779492181E+000 -0.647791216566238E+000
  0.741819783056024E+000  0.183911683673425E+004  0.618799206769055E+000 -0.858677340032924E+000
  0.753001058768668E+000  0.183908691613389E+004  0.576135253795523E+000 -0.755987234406288E+000
  0.745880788035734E+000  0.183908519225581E+004  0.440645993077963E+000 -0.544481994198039E+000
  0.750428526405859E+000  0.183907303500375E+004  0.635904962239879E+000 -0.847321056195971E+000
  0.743320629174751E+000  0.183907112625813E+004  0.669105179226711E+000 -0.905585665686487E+000
  0.739779230553370E+000  0.183905973501889E+004  0.544657993482695E+000 -0.686000019157021E+000
  0.733121555574073E+000  0.183903614741204E+004  0.581080014959545E+000 -0.725749445002092E+000
  0.728044693710383E+000  0.183902932000266E+004  0.729142651003586E+000 -0.964690507097147E+000
  0.728353820458980E+000  0.183902847098572E+004  0.971326248477857E+000 -0.864678250384179E-001
  0.720831162034685E+000  0.183902829240462E+004  0.479987969258494E+000 -0.574480167991570E+000
  0.713680212703658E+000  0.183902728971945E+004  0.354930488601117E+000 -0.410402836388394E+000
  0.707769784463136E+000  0.183902297932574E+004  0.575965448126823E+000 -0.708570045440177E+000
  0.697406964874175E+000  0.183901081066499E+004  0.468955245421118E+000 -0.551551302186720E+000
  0.699548761450489E+000  0.183900467790583E+004  0.726307165704775E+000 -0.928309406769143E+000
  0.689077794582022E+000  0.183897265938496E+004  0.591540737169341E+000 -0.695500761503144E+000
  0.698259269259649E+000  0.183894618677361E+004  0.655469948468319E+000 -0.762050100222114E+000
  0.713224452402863E+000  0.183890377539130E+004  0.545202047733281E+000 -0.857675782809810E-001
  0.711058718076494E+000  0.183884767653573E+004  0.542912641453925E+000 -0.562904257030046E+000
  0.705786301502900E+000  0.183884204855341E+004  0.844265528835915E+000 -0.887061483576713E+000
  0.690034761740433E+000  0.183882627119230E+004  0.562495175320327E+000 -0.572492318227225E+000
  0.690172421985464E+000  0.183882587223699E+004  0.888407775679939E+000 -0.913807932122365E+000
  0.678243430258962E+000  0.183880043653691E+004  0.784800413288507E+000 -0.778213749959821E+000
  0.674792871729458E+000  0.183877103223851E+004  0.414034222071428E+000 -0.877553015728754E-001
  0.675430381537461E+000  0.183876914363274E+004  0.527272785761320E+000 -0.510267154634371E+000
  0.664983417846499E+000  0.183876071434854E+004  0.505105990598864E+000 -0.485904790265574E+000
  0.659701142507003E+000  0.183875696012903E+004  0.354844976753974E+000 -0.343042619435989E+000
  0.655242709622048E+000  0.183875081794023E+004  0.685005983720551E+000 -0.922780117244753E-001
  0.657573546891645E+000  0.183874371613994E+004  0.540154164508567E+000 -0.510840336960274E+000
  0.659869713050170E+000  0.183873674455019E+004  0.821420244000528E+000 -0.748654202854683E+000
  0.654868663306179E+000  0.183873185929762E+004  0.867546764869813E+000 -0.780731164926861E+000
  0.655520506740118E+000  0.183872986952694E+004  0.925188002762096E+000 -0.823265643183073E+000
  0.658043015917693E+000  0.183872218809476E+004  0.709382098929268E+000 -0.644784571994887E+000
  0.649488360642862E+000  0.183870754112642E+004  0.952846974717670E+000 -0.816405072031547E+000
  0.640039350848191E+000  0.183869644622238E+004  0.791282720077246E+000 -0.954480928365165E-001
  0.640365901384225E+000  0.183869542607492E+004  0.801984738549210E+000 -0.695888332930199E+000
  0.628418016245543E+000  0.183869268897608E+004  0.794409972437758E+000 -0.687995289123643E+000
  0.629167888572519E+000  0.183869030385897E+004  0.415948290770436E+000 -0.381617832536232E+000
  0.631981450222612E+000  0.183868138004247E+004  0.993575070458235E+000 -0.811002753685843E+000
  0.632308103765360E+000  0.183868034656545E+004  0.610280603425327E+000 -0.539533726322501E+000
  0.620736764906125E+000  0.183867604734762E+004  0.642191925825198E+000 -0.562085399134580E+000
  0.615987678712506E+000  0.183867089463085E+004  0.788233660163139E+000 -0.665674829737273E+000
  0.605608329300135E+000  0.183864396322671E+004  0.942645978542878E+000 -0.738346787645865E+000
  0.605744078658217E+000  0.183864351496952E+004  0.989727156377191E+000 -0.763897472229000E+000
  0.607217240557810E+000  0.183863865689993E+004  0.721373084367089E+000 -0.596491565049088E+000
  0.601756838141758E+000  0.183863621025732E+004  0.923712460215727E+000 -0.719763905095630E+000
  0.595796909342142E+000  0.183863560443198E+004  0.684927514881961E+000 -0.569706312333680E+000
  0.596576729610869E+000  0.183863298840508E+004  0.891880025414896E+000 -0.698579681738305E+000
  0.598117882632835E+000  0.183862782841235E+004  0.805454642357009E+000 -0.642894203453665E+000
  0.598672307881675E+000  0.183862597537147E+004  0.743095277816008E+000 -0.602349960543639E+000
  0.595527463631358E+000  0.183861534490636E+004  0.543555166332978E+000 -0.458854804450384E+000
  0.582452490125825E+000  0.183859691228637E+004  0.891251562986249E+000 -0.665692924196331E+000
  0.582815384288567E+000  0.183859566658422E+004  0.998993460294589E+000 -0.716469526532783E+000
  0.573643739578463E+000  0.183858572227102E+004  0.890089881912429E+000 -0.655431147149368E+000
  0.570435944361983E+000  0.183857621201234E+004  0.399929367555671E+000 -0.337685853778533E+000
  0.559497940568328E+000  0.183855339076756E+004  0.975810645608720E+000 -0.103503544635995E+000
  0.557006184429028E+000  0.183854201303249E+004  0.853086086382481E+000 -0.602766221281905E+000
  0.551564048515192E+000  0.183854134504138E+004  0.979655979518451E+000 -0.655460975007859E+000
  0.546282311689577E+000  0.183854028443959E+004  0.483628498559654E+000 -0.975722052315461E-001
  0.542498991783652E+000  0.183853387903575E+004  0.789157084284071E+000 -0.566693309606876E+000
  0.541324838286196E+000  0.183851790766850E+004  0.748726995480740E+000 -0.536706761768794E+000
  0.534022240815150E+000  0.183850466635697E+004  0.770770114409807E+000 -0.539305707803289E+000
  0.524521917726817E+000  0.183850056556905E+004  0.817567847403842E+000 -0.557729434550928E+000
  0.521179906898838E+000  0.183849344875118E+004  0.798598711793949E+000 -0.544863730236779E+000
  0.510566228103911E+000  0.183843701828657E+004  0.437398388114782E+000 -0.327264831485399E+000
  0.507084510457198E+000  0.183843156475261E+004  0.624694277606805E+000 -0.431621711244942E+000
  0.502988344201933E+000  0.183842864721002E+004  0.937522822806912E+000 -0.550440958730424E+000
  0.498733137174527E+000  0.183842649998762E+004  0.841807023908800E+000 -0.108172320773574E+000
  0.499182783591337E+000  0.183842469764560E+004  0.750789541672349E+000 -0.484592900507856E+000
  0.496784669169234E+000  0.183841500513874E+004  0.841374543990348E+000 -0.511915313809511E+000
  0.686693551784289E+000  0.183977129724728E+004 -0.711536791262550E+000  0.366150803728091E+000
  0.726197974808479E+000  0.183961942682428E+004 -0.764115296437497E+000  0.413266984004367E+000
  0.728784226875556E+000  0.183961231675850E+004 -0.625477009045831E+000  0.363349986218620E+000
  0.736267818238258E+000  0.183957178362099E+004 -0.594132218346936E+000  0.357518581959697E+000
  0.780757028598314E+000  0.183939473756975E+004 -0.811762883927337E+000  0.488479754980985E+000
  0.788344840361471E+000  0.183937539434912E+004 -0.578734090158226E+000  0.388689419121469E+000
  0.790871695825326E+000  0.183936899406755E+004 -0.838039086377079E+000  0.506857608343529E+000
  0.785613095759507E+000  0.183936223604171E+004 -0.813890983248427E+000  0.499464993880812E+000
  0.782311013851594E+000  0.183935055946851E+004 -0.489091093655040E+000  0.344827643511419E+000
  0.776192174787528E+000  0.183934616327671E+004 -0.744514028113020E+000  0.475125034670632E+000
  0.773938989648525E+000  0.183933187678842E+004 -0.966499518887360E+000  0.567948633619319E+000
  0.768788949705018E+000  0.183932512923995E+004 -0.731578932576955E+000  0.475577005160560E+000
  0.761317018361816E+000  0.183932456183167E+004 -0.196455340456896E+000  0.151606112994979E+000
  0.757626113573167E+000  0.183931418084459E+004 -0.542187861826672E+000  0.382178022734427E+000
  0.761288770387526E+000  0.183930453536952E+004 -0.286808249738709E+000  0.220337483211716E+000
  0.764769901235361E+000  0.183929541085301E+004 -0.557555827712580E+000  0.394934611749873E+000
  0.767482353380209E+000  0.183928832989106E+004 -0.970126077022160E+000  0.587333151238112E+000
  0.769797326335185E+000  0.183928230632948E+004 -0.765081897727906E-001  0.545090488288013E+000
  0.767690579016101E+000  0.183926684474492E+004 -0.651444055543847E+000  0.453222170833007E+000
  0.777074191478352E+000  0.183922160400463E+004 -0.615420053520428E+000  0.446266414782702E+000
  0.783767787747889E+000  0.183920445009055E+004 -0.890271177923152E+000  0.591869790935146E+000
  0.777008613462394E+000  0.183911812265789E+004 -0.280015325881159E+000  0.235624332111039E+000
  0.766041729002300E+000  0.183908624616371E+004 -0.957173517788048E+000  0.686618368832532E+000
  0.767201551975763E+000  0.183904361510569E+004 -0.636565636529923E+000  0.518217307493309E+000
  0.762115122479998E+000  0.183903721435847E+004 -0.903717460324141E+000  0.689386181379153E+000
  0.751547068656270E+000  0.183902592498263E+004 -0.821703850629531E+000  0.647508411855703E+000
  0.755840688101027E+000  0.183901453141509E+004 -0.678618975454239E+000  0.559408754988683E+000
  0.751225073920463E+000  0.183900707745844E+004 -0.916154485990402E+000  0.717295685655101E+000
  0.745402708035013E+000  0.183900293423714E+004 -0.261983055109057E+000  0.234475742523052E+000
  0.748434093982555E+000  0.183899481717883E+004 -0.449542414572695E+000  0.393989230714350E+000
  0.741541074299438E+000  0.183899342170836E+004 -0.755615136800503E+000  0.623005714556934E+000
  0.748741009263894E+000  0.183897409653211E+004 -0.542097462446987E+000  0.474146997044525E+000
  0.737636730172171E+000  0.183894427395346E+004 -0.848531466780052E+000  0.719398288977474E+000
  0.732473008790160E+000  0.183893861931203E+004 -0.623237049570032E+000  0.552778529941813E+000
  0.725635126252446E+000  0.183893767308829E+004 -0.551585726138279E+000  0.495008576291285E+000
  0.723289919662928E+000  0.183892444283621E+004 -0.903066093627274E+000  0.774519938104906E+000
  0.721968391844873E+000  0.183890839579901E+004 -0.639940396496243E+000  0.581088502447729E+000
  0.711910007996214E+000  0.183889723855456E+004 -0.272250069547164E+000  0.258116412452181E+000
  0.715276251367736E+000  0.183888780390764E+004 -0.515863369939348E+000  0.483162172258254E+000
  0.723841394690785E+000  0.183886399697432E+004 -0.751251521591388E+000  0.703690887153501E+000
  0.716783535121894E+000  0.183886369313033E+004 -0.922894623586314E+000  0.850647182860051E+000
  0.720866800176296E+000  0.183885233215908E+004 -0.859239766035322E+000  0.808500890972762E+000
  0.717082623045952E+000  0.183884275810480E+004 -0.899873725368927E+000  0.854901113017518E+000
  0.714522551443384E+000  0.183882981045091E+004 -0.917152018907713E+000  0.886450677738924E+000
  0.714529705077253E+000  0.183882979042748E+004 -0.937252496657040E+000  0.905058461366199E+000
  0.714807546057235E+000  0.183882901288955E+004 -0.879268856893774E+000  0.852224575186100E+000
  0.706205216690180E+000  0.183881241008559E+004 -0.696500210119041E+000  0.692339264249833E+000
  0.708373662357012E+000  0.183880627837418E+004 -0.713447394352286E+000  0.714074243432361E+000
  0.703041924874232E+000  0.183880087577192E+004 -0.903932247862155E-001  0.666740851302159E+000
  0.703565149003284E+000  0.183879938786769E+004 -0.690756967471571E+000  0.696705748305953E+000
  0.700459448211522E+000  0.183878751030344E+004 -0.729904453248011E+000  0.747273491606383E+000
  0.693282948172399E+000  0.183878738125706E+004 -0.242486425170816E+000  0.245367741872520E+000
  0.690533026502492E+000  0.183877460450087E+004 -0.391124385554611E+000  0.400327388279799E+000
  0.691573213979908E+000  0.183877159405885E+004 -0.713600703421317E+000  0.744472259775821E+000
  0.680572107455250E+000  0.183876199637227E+004 -0.866676094517736E+000  0.928944919225843E+000
  0.673632924975525E+000  0.183876176767437E+004 -0.914124126760276E+000  0.985505216028400E+000
  0.666820365596289E+000  0.183876137139661E+004 -0.912596040932242E+000  0.984379761019315E+000
  0.668924644769756E+000  0.183875506995166E+004 -0.902146465001456E+000  0.982892538811439E+000
  0.652240400650813E+000  0.183874340519462E+004 -0.557688327180074E+000  0.592531625334037E+000
  0.647928962564390E+000  0.183873615647819E+004 -0.289992262304158E+000  0.303415930002140E+000
  0.631649273738227E+000  0.183872613160558E+004 -0.699419510912299E+000  0.772631729318543E+000
  0.629907664781572E+000  0.183871155303124E+004 -0.588492932577514E+000  0.649405015407424E+000
  0.631697478533850E+000  0.183870587830817E+004 -0.738679543077342E+000  0.847101930218881E+000
  0.627965821656435E+000  0.183869742329618E+004 -0.511826797149983E+000  0.565710272715092E+000
  0.622923466617407E+000  0.183869324270556E+004 -0.793760096011518E+000  0.944554058515304E+000
  0.608571915772786E+000  0.183867955377711E+004 -0.869002832173419E-001  0.265861591904811E+000
  0.602586172537439E+000  0.183867942193676E+004 -0.664453373380847E+000  0.776872574659816E+000
  0.598067289718046E+000  0.183867457609078E+004 -0.698322029590419E+000  0.831138325694876E+000
  0.602777155937613E+000  0.183865888749635E+004 -0.724060217476038E+000  0.893121988656558E+000
  0.597432864217157E+000  0.183865659813084E+004 -0.474972546375231E+000  0.542391885542791E+000
  0.593957290853282E+000  0.183864816646012E+004 -0.930890359236566E-001  0.474833395891604E+000
  0.594972906320301E+000  0.183864474955400E+004 -0.307859957146672E+000  0.343692139288545E+000
  0.584759340010028E+000  0.183863897512121E+004 -0.720974775296395E+000  0.920991528945677E+000
  0.573938516604224E+000  0.183863632999048E+004 -0.596158020310349E+000  0.723150726912209E+000
  0.555189354251589E+000  0.183862431464869E+004 -0.246549832948404E+000  0.277258690166602E+000
  0.555435658876224E+000  0.183862342756394E+004 -0.484979173971335E+000  0.574480297582675E+000
  0.550329303553157E+000  0.183862238710200E+004 -0.502994719279078E+000  0.600057382231280E+000
  0.550355539517955E+000  0.183862229175786E+004 -0.413944820733743E+000  0.480796154657958E+000
  0.546647818029723E+000  0.183861610667001E+004 -0.147220457311441E+000  0.167568080916433E+000
  0.537961014037160E+000  0.183860892704608E+004 -0.544103740992346E+000  0.669921548171837E+000
  0.538152514217650E+000  0.183860821522459E+004 -0.729924742438665E+000  0.999435300234144E+000
  0.538935901244990E+000  0.183860530594749E+004 -0.345227113418034E+000  0.399987624903724E+000
  0.534811015024161E+000  0.183860077168712E+004 -0.492181916342443E+000  0.599174599315320E+000
  0.529968432836396E+000  0.183857935842745E+004 -0.583278985463030E+000  0.763420909088555E+000
  0.532470869053344E+000  0.183856993693545E+004 -0.594235962773502E+000  0.795100399646473E+000
  0.533470755055714E+000  0.183856618481142E+004 -0.683718252072222E+000  0.991880473236260E+000
  0.528389526396868E+000  0.183856522514172E+004 -0.683183399825641E+000  0.992856089897970E+000
  0.524574726439819E+000  0.183855961619331E+004 -0.960580038485720E-001  0.441495860879905E+000
  0.520692215625166E+000  0.183855437308004E+004 -0.563078236647027E+000  0.756251342850372E+000
  0.516337394314278E+000  0.183855106979528E+004 -0.637540307195191E+000  0.914820754804736E+000
  0.514369111602239E+000  0.183853860770971E+004 -0.538472409428507E+000  0.728321721772289E+000
  0.509630534435956E+000  0.183853701724358E+004 -0.517065283094251E+000  0.690768197506920E+000
  0.508428382103183E+000  0.183852163988551E+004 -0.543747131070407E+000  0.758362912996926E+000
  0.511997688313047E+000  0.183850764839364E+004 -0.274242042278240E+000  0.337767482119364E+000
  0.507423464518444E+000  0.183850529208932E+004 -0.105723544425478E+000  0.967512002308148E+000
  0.508027686125208E+000  0.183850291197807E+004 -0.592786342763212E+000  0.899533880257497E+000
  0.508733816864753E+000  0.183850013401745E+004 -0.593953805275859E+000  0.908222982694780E+000
  0.503819447765647E+000  0.183849882236602E+004 -0.597788378456470E+000  0.921344007303852E+000
  0.496717964056142E+000  0.183848597494572E+004 -0.409031535602698E+000  0.543941885089084E+000
  0.497058442067641E+000  0.183848460450456E+004 -0.578615361399112E+000  0.898340575249006E+000
  0.497798437516340E+000  0.183848162921997E+004 -0.238697143333713E+000  0.298044751529276E+000
  0.498886255933041E+000  0.183847726347078E+004 -0.561088511423936E+000  0.865137698432099E+000
  0.501734880463867E+000  0.183846587601503E+004 -0.566991686279349E+000  0.904278088350740E+000
  0.495606978919691E+000  0.183844789846254E+004 -0.355836243450359E+000  0.477796350492351E+000
  0.490615273738741E+000  0.183844698017849E+004 -0.465272101728821E+000  0.679876621337294E+000
  0.485469255679694E+000  0.183844690456673E+004 -0.546627241506112E+000  0.883480290900598E+000
  0.481188393770445E+000  0.183844345454046E+004 -0.477201513605912E+000  0.709813238396784E+000
  0.477882608142937E+000  0.183843607782539E+004 -0.390126991679929E+000  0.542661947702513E+000
  0.660959258313334E+000  0.183962271707052E+004  0.136100355919772E+000 -0.544642121787280E-001
  0.723166096626996E+000  0.183944282361692E+004  0.176731608012327E+000 -0.242213248956171E+000
  0.731672551764890E+000  0.183941943531310E+004  0.214111447638064E+000 -0.294007233721892E+000
  0.874506934307502E+000  0.183906278102579E+004  0.246293134606164E+000 -0.284681993321782E+000
  0.921958737547595E+000  0.183859245742125E+004  0.209710185636373E+000 -0.182483781571195E+000
  0.986957384008773E+000  0.183845620463755E+004  0.156256825389286E+000 -0.109690784196515E+000
  0.100000000000000E+001  0.183842994780200E+004  0.200943213990521E+000 -0.151313079304095E+000
