2.620246750155816873e-01
1.586839721544656134e-01
2.781265194943597363e-01
4.593168872145666493e-01
3.210005405201671325e-01
5.183928205975371073e-01
2.619429255651446464e-01
9.760852848774336232e-01
7.328145526904823459e-01
1.152742266831494611e-01
3.862750686343594531e-01
6.285011795397116297e-01
1.250579263355994231e-01
9.835486051436411747e-01
4.432248686451281117e-01
7.895583420239031813e-01
7.941185757915866228e-01
3.612615724174307319e-01
4.161039395709980049e-01
5.842581281103214064e-01
7.601717738058574314e-01
1.878084054264156366e-01
2.881671478120356733e-01
6.702188581602340767e-01
4.996482613720124588e-01
1.785686771635270897e-01
4.131413014246588800e-01
1.991952352050984087e-01
5.316994035870367119e-01
8.323707030679825536e-01
1.852509450720448703e-01
9.573592236712606951e-01
4.254146651445166460e-01
5.040070391614372980e-01
5.104709468259470695e-01
1.579145221181443848e-02
7.316900686676242049e-01
9.933050398908292999e-01
1.628775332697672829e-01
1.266347796908375845e-01
3.748341845800710059e-01
6.932194442011306856e-01
2.901030168709906043e-03
3.692290622594858185e-01
5.867932558011257349e-02
7.893360850241120108e-01
3.497692126999818463e-01
7.025237197137582656e-01
4.912290772658786109e-01
9.728723298688061183e-01
8.359678800325481829e-01
6.102373321732014189e-01
5.645189794745384404e-01
9.973891432208868979e-01
2.547241364458807666e-01
1.437785702732452542e-02
8.904506720249383278e-02
9.389826005459539493e-01
9.734593993676922130e-01
4.914815298314196834e-01
3.409359716532486262e-01
7.228576179347333541e-01
1.089676237014924887e-02
7.599531776449456322e-01
6.714027862126307200e-01
1.904455256963221155e-01
6.664646525698170176e-01
9.111224015603134330e-01
1.621174257599761193e-01
9.105783163786193013e-01
3.243579035605588246e-01
7.002984200494459799e-01
2.654503383201939348e-01
5.189586503858305555e-01
1.774679848817011241e-01
4.678459723244440260e-01
4.489645188449608026e-01
3.960646158843273978e-01
7.919254338973797935e-01
4.933982447811959826e-01
7.239478979864308883e-01
7.930230326291929366e-01
3.515240997985017435e-01
9.096535248282637820e-01
7.128875001579538795e-01
8.972476309568497843e-01
4.202083289850906400e-01
4.675160993857430114e-01
9.039271993303520381e-01
6.335486059417300142e-01
5.328294636254720107e-01
2.375107650818871763e-01
9.465039188328180364e-01
5.594301234747532936e-01
7.573515288876881968e-01
2.361492090020197443e-01
4.297587303666678960e-01
3.941136001861932359e-01
5.107093959662249993e-01
1.254029960882233619e-01
6.836531055077685881e-01
2.768971515053664234e-02
2.338429220736568670e-01
7.364419961241298607e-01
9.342098037151883583e-01
6.136039054346655863e-01
4.074782309536640890e-01
8.539162875180368317e-01
9.928317936533304078e-01
2.953702039278215397e-01
3.901675101394959100e-01
6.989567892428235618e-01
3.570194782424817026e-01
3.192510001338899617e-02
3.491415939435794646e-01
4.847588479510103188e-01
4.823509856147578656e-02
9.150254046173107447e-01
7.255666216664313772e-01
7.724614601063940489e-01
9.644998572235297107e-02
3.722987119593546002e-02
2.598126254406611935e-01
1.255077421845821606e-01
2.381494815427617207e-01
6.821736830935899443e-01
4.812186310512086562e-01
9.365083907136746433e-01
5.813986303244026432e-01
1.861074404972818952e-01
1.869282049387176459e-01
3.385536226140246630e-01
4.327672661884832683e-01
7.677029276939462132e-02
6.360086878336072003e-01
5.840954527325514789e-02
7.236798356979871061e-01
6.601019898657074503e-01
8.818572794648371627e-03
7.631813798209602373e-01
3.386319706866768309e-01
7.762127709796130537e-01
3.357964664287648171e-01
5.805421260537105832e-01
1.719769414804734886e-01
8.462176761574956574e-01
2.709030106670985427e-01
7.446392237162122729e-01
5.634196819412705670e-01
9.000878922577003616e-01
5.483220830418132907e-01
2.514135710914700006e-02
8.063967202576005633e-02
9.555589749989400472e-01
4.560315447537663935e-01
1.473472125345576256e-01
6.749610058729155204e-01
6.236666694816397349e-01
5.502062134417018413e-01
9.057503615740888359e-01
8.983189220314333756e-01
2.624024528483213103e-01
7.191567925622772695e-01
4.851464907453348907e-01
2.808848371930843246e-01
5.827942062498270293e-02
2.050584891564024570e-01
6.400390792018064712e-01
2.859743379208810055e-01
4.425383058157051908e-01
3.459456732183814331e-01
4.997371059825367334e-01
6.550721484687234142e-01
9.494149173792952867e-01
3.307424866566843757e-02
5.563390158544485598e-01
6.408001729800438806e-01
1.584410017007957805e-01
7.264475890121478985e-01
3.785200983324921165e-01
5.115532165250367136e-01
5.782410628260412633e-01
8.452807701565866472e-01
7.018290597522223173e-01
6.291896895232066411e-01
5.134305647695325270e-02
4.590995563768840437e-02
5.290150439332158561e-01
7.830427916910186470e-01
7.030778657023979417e-01
1.966188693801390608e-01
2.717444173882693770e-01
2.152504148025276010e-01
4.083469363533958063e-01
6.552760423503993792e-01
2.703198694818053083e-01
2.804446217411106224e-01
7.817699026976938637e-01
8.521164329969753704e-01
5.474361971116707970e-01
7.241143201319212297e-01
4.331677618477618452e-01
8.205336973552095348e-01
8.243295390756634200e-01
1.654146258848732121e-02
7.330402064663078532e-01
7.172430245103199598e-01
7.192573748599212502e-01
7.860732410584073682e-01
9.371915835783588555e-01
6.581630055733632689e-01
1.874978817752113169e-01
6.882053740803265596e-01
9.903911323794193367e-01
9.143703587161567947e-01
8.650820256253720641e-01
4.670308301948888907e-02
7.838989547189201268e-03
7.495067105618434811e-01
7.335399234388284562e-01
7.083701642992664693e-01
1.570825888924980429e-01
1.185461347351703942e-01
1.604019768840908577e-01
8.231728257419227424e-01
4.037180002921906263e-01
1.791307121550775872e-01
6.314562645575412247e-01
3.812206747090496339e-02
9.410315064060226220e-02
1.116878955362878845e-01
6.894528291901470540e-01
6.172659124628478988e-01
5.738028270065218539e-01
8.261093231490234112e-01
7.447778285204237347e-01
2.266512041826465040e-01
8.788866030597741741e-02
5.009359745254265972e-01
3.136917977912846434e-01
2.679734478658292174e-01
5.094419215359796693e-01
7.016286553172931262e-01
9.071839574494036107e-01
4.537931203282309367e-01
5.332085826915928806e-01
8.088151916771204597e-01
3.892251699963823475e-01
7.429817830882897711e-01
9.849104539880499942e-01
2.107423350973078868e-01
5.784149743409512379e-01
7.207175977262899602e-01
1.335633166763763313e-01
8.130088010605069915e-01
7.371156773568436904e-01
7.443982559452677616e-01
8.435399356703853213e-01
7.497590695242966063e-01
7.411139803672139870e-01
6.419054627788773892e-01
6.397239793661042562e-01
8.278523402316886326e-01
8.340314827138759490e-01
2.214909703084771975e-01
6.621755847543498996e-01
1.792199287874558511e-01
8.215469487493964884e-01
3.183035146569590523e-02
3.424634969482764912e-02
1.942968055152805018e-02
6.455804451665255739e-01
5.316555145413323080e-01
2.756122166058261325e-02
2.644262765785521108e-02
7.476821664220851815e-01
7.486961531021207872e-01
2.314212196233845775e-01
7.845280323432902714e-01
8.442379038616986131e-01
8.304731646519778465e-01
5.551029161153588909e-01
6.918041760569391130e-01
7.720797320602047487e-01
7.387443604265517827e-01
4.070692575860503926e-01
6.713342781941692428e-01
6.969268961679655483e-01
8.150637323111689092e-01
3.493287938821779681e-01
5.237266437311435263e-01
1.917970566934985577e-01
2.524448524587301623e-01
5.414623869327880312e-01
3.014986929063960819e-01
6.450233640191140871e-01
4.890198063010542384e-02
1.093780102927506270e-01
7.576772822039063993e-01
4.428526987075818155e-01
9.697040668517774575e-01
1.225351370544235374e-01
3.578236239094267912e-01
9.234957191755952532e-01
8.358749645683449803e-01
9.781643985103267713e-01
1.955406318694832279e-01
3.593578209462918727e-01
6.452307180860498148e-01
2.770705170554067509e-01
4.688339434543742357e-02
5.815620295906743786e-01
1.876487170699484563e-01
7.893317221328780553e-01
3.803496733882244518e-01
3.264623973869361651e-01
6.513033496392250932e-01
6.247808164331235536e-01
3.115757679927012580e-01
7.479260876532164426e-01
4.031904559230466978e-01
7.649652441691152660e-01
4.421792366402887975e-02
9.098477879937313384e-01
6.463631788722670191e-01
4.526317962025868669e-01
2.204508354286749405e-02
2.088196967141294769e-01
6.132911733584397451e-01
9.280560578856935638e-01
6.042489644769472035e-01
5.614434146057024622e-01
4.143240402430283797e-01
8.358735652278881378e-01
5.812732587069173729e-01
7.446186781773793673e-01
2.457589921219339724e-01
1.144091287672428514e-01
9.897778670881820506e-01
3.258415346288301429e-02
2.214830240029740382e-01
4.152826231988747674e-01
2.392690746506712651e-01
2.654860619122375587e-01
5.557610480794523689e-01
6.099513907518820943e-01
6.067541819616376619e-01
7.614571841381924111e-01
2.152806929143104009e-01
8.935719356666748103e-01
6.603727413103332999e-01
4.524098362828377073e-02
5.968838444906165996e-01
3.773809067017360741e-01
3.443023095912904896e-01
1.987609305923461189e-01
7.154191921251015218e-01
9.772973600932420846e-01
2.778562972010678589e-01
6.554941278560936224e-01
4.372373275075620569e-01
4.331414623481044668e-01
1.057455143375513051e-01
2.515004836686566270e-01
8.681656808370614709e-01
1.158742377024596371e-01
3.165584887646091250e-01
7.148807013296843982e-01
3.794364476846660006e-01
2.704542231823147125e-01
9.469035592787906630e-01
9.100094683531469997e-01
6.102684242979634632e-01
9.961662253773797548e-01
9.865995356095467184e-01
8.779554965673299627e-01
5.014758396168879084e-01
8.116526641461487834e-01
7.959027616047145148e-01
1.775857997812740896e-01
6.074123981876810019e-01
9.787819847970702369e-02
2.288210727374154763e-01
1.432419259336367157e-01
3.095672360060649497e-01
4.534317939680367893e-01
2.963813719869076158e-01
5.595085525829380790e-01
8.717872081022224329e-01
2.070773527220028942e-01
5.760075284532661932e-02
9.080574793368414444e-01
3.401566632655850242e-01
8.412498850763335811e-01
9.323348502737142107e-01
8.095076296092627022e-01
6.275619364580242721e-02
4.028483966456701815e-01
2.567581921527182232e-01
6.440944293097525808e-01
5.727831679608172966e-01
9.255737879483088015e-01
3.938785762999822415e-01
8.376418717662054148e-01
6.821548485269712803e-01
3.337151065392011118e-01
2.840618435428655664e-01
7.052071010084013380e-01
5.713055174236045808e-01
9.713183398631008991e-01
2.197358182850921438e-01
2.359713036311359424e-01
6.937394537093228841e-01
6.614397989468990824e-01
9.198649355925602178e-01
9.219756704294084226e-01
2.531524535131103315e-01
5.374692726144285615e-01
3.955320816491940672e-01
9.157583369857935640e-02
2.730924267140324435e-01
8.594196697501865767e-02
9.763164418407225265e-01
8.998569604020463242e-01
8.338039933842171791e-01
9.794165338335296678e-01
5.974285631721363288e-01
6.798396014721268532e-01
2.216307138600496218e-01
9.260415959181447221e-01
3.852184629034316465e-02
6.321319071555634439e-01
3.970606328763326420e-02
9.733652602140175913e-01
8.755999733878585545e-01
5.037363294519052737e-01
5.893741456931497202e-01
2.808254666159172297e-01
1.531151791883755831e-01
8.293255994904685791e-01
1.313398221034361990e-01
1.322131883580699441e-01
3.442809693508955826e-01
9.881578655158651525e-01
4.832837856057603521e-01
3.075172896642591747e-01
2.500806926030834099e-01
7.815151327459689545e-01
1.461957907189490591e-01
4.384488611935322133e-01
8.680734557016357433e-01
1.390994034901571474e-02
7.574328062058267585e-01
9.790004212632389402e-01
2.330582925027946395e-01
7.406645382487326845e-01
8.002959993085413393e-01
8.712202067264617211e-01
6.960473837315548362e-01
2.210200113095923680e-01
8.135674939064707623e-02
5.591410073416690496e-01
5.594031379466565257e-01
3.996550890644429144e-01
5.459707662720110211e-01
1.663652912297304276e-01
1.733847550839049401e-01
7.147834165290647412e-01
9.967901894756229231e-01
8.009800619193858662e-01
1.661056676281018607e-01
7.739249123595860480e-01
2.904156919170330919e-01
9.274933871387865958e-01
4.730250491076019026e-01
3.980218705240834431e-01
9.954943363678125934e-02
5.050413819698130746e-01
8.804671993828938614e-02
6.847437910373187497e-01
1.377010068472797055e-01
4.700647424857788970e-01
2.475149078694425242e-01
9.994975671593705480e-01
2.724873643424281511e-01
5.851662757937434733e-01
1.440439466939302804e-02
6.110998485204374164e-01
5.109277689648011878e-01
4.827994579569149236e-01
4.028438518394533707e-01
8.890988422761983978e-01
1.833045421157849519e-01
6.935912387868209406e-01
7.776104834209149885e-01
7.343663124026958977e-01
6.069523138542246565e-01
7.004046891043138601e-01
2.407437405449660561e-01
8.512917841235012606e-02
9.103729477435436035e-01
5.356350514074164071e-01
2.412655085483895734e-01
8.435786456836689151e-01
8.160817650863210204e-01
2.385005197846138403e-01
8.721220272221517078e-01
3.263936755499615705e-01
3.820954340926855375e-01
4.049674842365584837e-01
5.061620209106011403e-01
2.404755911319292894e-01
4.738569738465883141e-01
2.617550966690029846e-01
3.911457558908918442e-01
8.877003152147234788e-01
3.430286843445878864e-01
1.430251294894139269e-01
7.255940444362990460e-01
2.875949666957359208e-01
7.733537499025837647e-01
9.969427711203506792e-01
5.580587785989276073e-01
1.726712445265097262e-01
4.350484557006224495e-01
4.119112153338835292e-01
1.528832288595316502e-02
7.698920471495451778e-02
6.882420797073385277e-01
5.496666446591222943e-01
9.324554219025856794e-01
5.947399666139939756e-01
6.900565990129202687e-01
5.379737397067010374e-01
5.779728227317167955e-01
3.873116816358690429e-02
2.551621144695610521e-01
6.101415441608296630e-01
7.151085014294011888e-02
4.534984813883760069e-01
7.420580924643173093e-01
2.842818436215310829e-02
8.787514983503801336e-01
7.398980930904696107e-01
6.286378863381282267e-01
2.914937859235177120e-01
3.553966388230089812e-01
1.419414525412667771e-01
2.563459400148286882e-01
6.740061198762634653e-01
2.683580398373219822e-02
9.343642345662773741e-01
8.352894019293055639e-02
2.728712732348537173e-02
1.456024886166844556e-01
8.766391310145016380e-01
1.921073148728950075e-01
2.711758542562993091e-01
4.420961784309533904e-01
6.477283594922267351e-02
7.899341660763675721e-01
3.098144792234349687e-01
7.953377556367350332e-01
3.818263836719451021e-01
7.065248375284616245e-02
8.225966917665763489e-01
6.714820158671641614e-01
5.245713718509809054e-01
2.409241848559793286e-01
9.464331994993095964e-01
4.815404454678530177e-01
9.177060791210250867e-01
7.943327267172228812e-01
6.775480044221410258e-01
5.172343007550344041e-01
9.796343923066623827e-01
5.970396278676237678e-02
8.704466324189772397e-01
4.738953130678724701e-02
3.965224417564566783e-01
5.714826397679403369e-01
4.856667901677879096e-01
4.286223644154651957e-01
4.381648728056243280e-01
1.116284618549774343e-01
1.392520273466546499e-01
3.021235107722909374e-01
8.919416588042017313e-01
7.803852874313113031e-01
2.159037589065514462e-01
9.263273657554105256e-02
5.191970224503826836e-01
1.778652898305104202e-01
3.087252640359191558e-01
1.679973562133858511e-01
3.470900981449279721e-01
6.099324122442262297e-01
9.749144396965795378e-01
6.667405009495493973e-01
4.081749704460030381e-01
3.484122531383508914e-01
3.622213805096782258e-01
9.009636661388168433e-01
3.400950547522121337e-01
6.369394420230389819e-02
5.010354831705253753e-01
8.646673452580866392e-02
8.211717145398356177e-02
9.626626095445146580e-01
4.580672516621870916e-01
9.405448834456214824e-01
7.386125559478297076e-01
6.407473300145699602e-01
4.595835043945788456e-01
7.846263491712768268e-02
7.138111098319107617e-01
3.014032213764942236e-01
7.744571692135928664e-01
3.069616728113947479e-01
4.936971674971382118e-01
6.305877691308418020e-01
1.711681288586801575e-01
6.274624083733603142e-01
1.118242551731843948e-01
3.546598281226421845e-01
4.013400135211102615e-01
2.377931498847551950e-01
9.832145868961671420e-01
6.142562948744145768e-02
8.890990614785533319e-01
6.346718159959741090e-01
9.604848754718369186e-01
5.822107204422528604e-01
7.107485712378006637e-01
8.560439151122274382e-01
8.023374418225355242e-01
1.960373351483566395e-01
5.192368099509531154e-01
3.348619110336847893e-01
9.394104810205556877e-01
6.450950121661285230e-01
5.188203823301081874e-01
6.628099401044343919e-01
1.266707574074357190e-01
8.492507990600811629e-01
3.108184781754678161e-01
8.469011482879229558e-02
2.796480496857848275e-01
6.262780089853065002e-01
2.627415178766949744e-01
7.335958981445067639e-02
9.667609473828812083e-01
6.747112018826612045e-01
1.516650600901440216e-01
6.465323555599018501e-01
1.154054514597402381e-01
1.645054125635532216e-01
1.179598187244660368e-01
4.113077560649950337e-01
9.730123456626640355e-01
1.353469339368423840e-01
1.279291948247861521e-01
1.668954598105133469e-01
6.338917618404048548e-01
6.878235750505711232e-01
6.177741005436920840e-01
2.647299963451810179e-02
5.881757546537172976e-01
4.447995919170555368e-02
6.370155107197243982e-01
3.425400761439478803e-01
9.613686509581462758e-01
8.764551033205826291e-01
7.551195286759576630e-01
8.291862110651601059e-01
5.249736358188399343e-01
4.038625450995732002e-01
1.072165170766551379e-01
4.979374546907825438e-01
1.814652029018002377e-01
7.842040196686669296e-01
1.481514976929187988e-01
1.226196264593807372e-01
8.457687756422576086e-01
9.390873560710911727e-01
4.496924727942079869e-01
1.490522113586369990e-01
5.482736556133340766e-01
1.520412406350906132e-01
3.057542903397818534e-01
9.332301520984586096e-01
6.847718563921390000e-02
4.883691530613099019e-02
1.104773751308929519e-01
4.625984121188533305e-01
2.078619325220983916e-01
9.073499016854582599e-01
3.543174624622466018e-01
3.898610681353779084e-01
3.077238483229182142e-01
5.828734507889774541e-01
8.743354108247044509e-01
1.503527123471345428e-01
7.156800980767042963e-01
7.637788066566562062e-01
7.382297113271196753e-01
1.618789616780771379e-01
5.659076574861987563e-01
5.917299538883770138e-01
5.135469984525820042e-02
4.889781239508605992e-01
7.504270655071806351e-01
4.320992099609277659e-02
5.887123862678469433e-01
6.049830373727965727e-01
2.111901443983854598e-01
7.340625563485836391e-02
6.461961288775788237e-01
7.844494753642262674e-01
5.752642819348761094e-01
2.407744264851389149e-01
1.804032581830936621e-01
1.425215775286071684e-01
5.005697150427320663e-01
1.141812320616365506e-01
6.264704896286499292e-02
1.216250245462685564e-01
8.841781278374472031e-02
6.609598673116554579e-01
4.084681263026145315e-01
6.469355771122312637e-01
3.610578116066762711e-01
7.137979718432591048e-01
4.969948334209419727e-01
7.911349617706441295e-01
9.584696719825284150e-01
2.285002456264750847e-01
2.248496807203879122e-01
5.369786577522168702e-01
3.232077844528078447e-01
7.658809784150476530e-01
8.183199653549741992e-01
4.653799193915610921e-01
4.741709965633134072e-02
8.797467094692456024e-01
8.895542060850804011e-01
9.462161652477624196e-01
8.109070818678574266e-01
8.992366733965312386e-01
9.501325724037865683e-01
8.773884788324047834e-01
9.601495005639506530e-01
4.470468455228832072e-01
8.401319262297359813e-01
2.532130062872466336e-01
7.756018594231031127e-01
9.242306867639755730e-01
3.530283818333235235e-01
3.090955150554154374e-01
7.334100514949911664e-01
7.704144274177082696e-01
4.671419260082567693e-01
6.153528680538118412e-01
6.743203894760978478e-01
8.864713508060839686e-03
3.691401801037659247e-01
2.561332362291608433e-01
8.431542614790222823e-01
2.206481946997355115e-01
9.815745648136924295e-01
9.960307842653731702e-01
6.033043710260331816e-01
1.861769019673682468e-01
5.331345461532300822e-01
9.897973078838145922e-01
3.585143140983796384e-01
1.746431871823909132e-01
8.591812000110695680e-01
8.115821716655214901e-01
8.308517648458746407e-04
3.855692287611143243e-01
7.815372851927021580e-01
4.578324559408482042e-01
6.889513012774894918e-01
8.572160350608010182e-01
6.226383022533162892e-01
7.643155196246591565e-01
6.329189001601920328e-01
3.748437399345538878e-02
2.422007569100396163e-01
7.022403698137378303e-01
9.913500197936786495e-02
7.962492182961169451e-01
1.759130178257961585e-01
1.414235072406289095e-02
5.132923953988024479e-01
5.281842731969764726e-01
4.801791579440423119e-01
2.495297826219640136e-01
1.316263242279049894e-01
4.388326910907464073e-01
1.642740923400876074e-01
6.924810961066119042e-03
9.150723155037980838e-01
4.149488602590858388e-01
9.069564370331465453e-01
5.737115452899750334e-01
3.605219743982074343e-01
6.150766557018920722e-01
8.771846812446236763e-01
1.780154947521745967e-01
2.469197777752839551e-01
4.741384159855832614e-01
2.228028381821459680e-01
4.966341211804845557e-01
4.118132490089133624e-01
3.353645690668485280e-01
3.864098966272127011e-01
9.951083635060792298e-01
4.972857930180025754e-01
4.465549908243571231e-02
9.982791919876383702e-01
8.125444579047514937e-01
3.237314686855488066e-01
4.230931560893261834e-01
7.383613702159582681e-01
3.446988392688019598e-01
4.238253302984111848e-01
3.501733915987601531e-01
4.598569783941685030e-01
5.307962241554583516e-01
9.478112198255862486e-01
2.833750448130326616e-01
7.496072360923327071e-01
1.587540547221251153e-01
1.314569520125146163e-01
4.244561624108785791e-01
8.329163797414752546e-01
3.179399682700865259e-01
8.670720830930012113e-01
2.008734151911218957e-01
3.336835635871614469e-01
5.851479879561367614e-01
7.440149385087463374e-01
6.724645260974898564e-01
2.545284917746741815e-01
7.274287411294907413e-01
2.943611991310680631e-01
2.267517453821087381e-01
9.917001292995009099e-02
3.537837395339529234e-01
8.707827796906980611e-01
7.939849494511920236e-01
1.836003323239262519e-01
2.655141865685849423e-01
7.011898930647231243e-01
9.816454989876262083e-01
5.922463955694735604e-01
2.896058196355865144e-01
3.062878640939215025e-02
4.712004079840695914e-01
7.067976184217994451e-02
1.444797458955957570e-01
8.331608234209759711e-01
8.794448897392680431e-01
6.880610369577060403e-01
1.240717732143081786e-02
3.235158898471858224e-01
9.160259026317856268e-01
9.868396225375911657e-01
6.562811766983964734e-01
7.963449804842993585e-01
5.596270692944133041e-01
4.554917536157970792e-01
4.008764555473485203e-01
6.368473334388883300e-01
5.141607001539094668e-02
5.989879965387779892e-01
7.783474867435157263e-01
1.518478944453456325e-01
3.422406987821893232e-01
8.234915878444004633e-02
6.739930285274431387e-02
2.329558603180243992e-01
2.711377706633755214e-02
8.178385196863403594e-01
6.771745893358329660e-01
6.621937661987348234e-01
9.669971076436637558e-01
4.712702971845489364e-01
6.571859081466233654e-01
7.660216871158808116e-01
1.288119505349333282e-01
6.868288847641031980e-01
7.341746173432253109e-01
5.397929043802826010e-01
9.064252835442658807e-01
4.790475056492685679e-01
8.500180113444588681e-01
8.447063751751719973e-01
8.496783875074586101e-01
9.119372851875052755e-01
7.297596963504059397e-01
8.455745858792862446e-01
3.729939333560224890e-01
4.427032624636934033e-01
7.510319016851839669e-01
3.041136832764227416e-01
3.959423404844634176e-01
2.121024236466330093e-01
4.143189182861368725e-01
2.904196797723305190e-01
5.548607103214944214e-01
4.014607684586992686e-01
1.291719237819489718e-01
1.563089369704928622e-02
8.633400652754636972e-01
2.497147378010959873e-01
4.467348211816893899e-01
3.147773141533699581e-01
1.109450915704633944e-01
9.670168577947191313e-01
4.861731964687701080e-01
7.849910009539212696e-01
2.927330839667495743e-01
2.927888952702334402e-01
1.529069277009477146e-01
2.999671733026957332e-01
1.443404382241688655e-01
9.700984262213175890e-01
8.517034231642739428e-01
3.742562201963600677e-01
8.071072811541400993e-01
8.867715114098705387e-01
2.882617638004569827e-03
5.007268194852185772e-01
5.088332206885115561e-02
4.517369874513632588e-01
8.103009622235365361e-01
7.089922542199706967e-01
6.822232862043360324e-01
6.932944295208234298e-01
8.030993094392319120e-01
7.487206189062391992e-01
4.705696671707553236e-01
7.667900755542396141e-01
3.362864674060176418e-01
1.141726892676341309e-01
5.226123922666148225e-01
7.267888318016911819e-01
8.438277530563554896e-01
4.944451570102925686e-03
2.090385516706161351e-02
4.287344276935926013e-01
2.318229276770678027e-01
3.555653108719540878e-01
9.335931680430087365e-02
7.242017083607579231e-01
1.161899374614374647e-01
5.206600488143570127e-01
9.695829824563169108e-01
8.601879947198942666e-01
8.925916379154286151e-02
6.675697698998195317e-02
5.776433480497540351e-01
4.884019692091668974e-01
2.915621327411669350e-01
3.870496945573634884e-01
9.133235320058916695e-01
1.915341274070500033e-01
8.717708423017742625e-01
9.411310303038773473e-01
9.053354134894350258e-01
3.640417767596659804e-01
3.553255898711851213e-01
9.273962392044541314e-01
9.202454131887232158e-01
3.411931973339251689e-01
1.594092192424921839e-01
6.789849974261387144e-01
4.348645391688251705e-01
5.329018204283066940e-01
6.551857414423792880e-01
9.482203649691542946e-01
4.760480925979397870e-01
4.254786995081870637e-01
2.527882555122079600e-01
4.657252907414700660e-01
5.657939354669885290e-01
5.139266404379030373e-01
1.323767355732243800e-01
8.797942642850966610e-01
3.293020384839052683e-01
1.621157451034971331e-03
3.994415162989827239e-01
7.392222538302073431e-02
4.140760134534526848e-02
4.165194672701633127e-01
7.482690544703447522e-01
8.019881323411972573e-01
