0.000000000000000000e+00,3.333333333333333148e-01
1.000000000000000000e+00,8.333333333333332593e-01
2.000000000000000000e+00,1.333333333333333259e+00
3.000000000000000000e+00,1.833333333333333259e+00
4.000000000000000000e+00,2.333333333333333481e+00
5.000000000000000000e+00,2.833333333333333481e+00
6.000000000000000000e+00,3.333333333333333481e+00
7.000000000000000000e+00,3.833333333333333481e+00
8.000000000000000000e+00,4.333333333333333037e+00
9.000000000000000000e+00,4.833333333333333037e+00
1.000000000000000000e+01,5.333333333333333037e+00
1.100000000000000000e+01,5.833333333333333037e+00
1.200000000000000000e+01,6.333333333333333037e+00
1.300000000000000000e+01,6.833333333333333037e+00
1.400000000000000000e+01,7.333333333333333037e+00
1.500000000000000000e+01,7.833333333333333037e+00
1.600000000000000000e+01,8.333333333333333925e+00
1.700000000000000000e+01,8.833333333333333925e+00
1.800000000000000000e+01,9.333333333333333925e+00
1.900000000000000000e+01,9.833333333333333925e+00
2.000000000000000000e+01,1.033333333333333393e+01
2.100000000000000000e+01,1.083333333333333393e+01
2.200000000000000000e+01,1.133333333333333393e+01
2.300000000000000000e+01,1.183333333333333393e+01
2.400000000000000000e+01,1.233333333333333393e+01
2.500000000000000000e+01,1.283333333333333393e+01
2.600000000000000000e+01,1.333333333333333393e+01
2.700000000000000000e+01,1.383333333333333393e+01
2.800000000000000000e+01,1.433333333333333393e+01
2.900000000000000000e+01,1.483333333333333393e+01
3.000000000000000000e+01,1.533333333333333393e+01
3.100000000000000000e+01,1.583333333333333393e+01
3.200000000000000000e+01,1.633333333333333215e+01
3.300000000000000000e+01,1.683333333333333215e+01
3.400000000000000000e+01,1.733333333333333215e+01
3.500000000000000000e+01,1.783333333333333215e+01
3.600000000000000000e+01,1.833333333333333215e+01
3.700000000000000000e+01,1.883333333333333215e+01
3.800000000000000000e+01,1.933333333333333215e+01
3.900000000000000000e+01,1.983333333333333215e+01
4.000000000000000000e+01,2.033333333333333215e+01
4.100000000000000000e+01,2.083333333333333215e+01
4.200000000000000000e+01,2.133333333333333215e+01
4.300000000000000000e+01,2.183333333333333215e+01
4.400000000000000000e+01,2.233333333333333215e+01
4.500000000000000000e+01,2.283333333333333215e+01
4.600000000000000000e+01,2.333333333333333215e+01
4.700000000000000000e+01,2.383333333333333215e+01
4.800000000000000000e+01,2.433333333333333215e+01
4.900000000000000000e+01,2.483333333333333215e+01
5.000000000000000000e+01,2.533333333333333215e+01
5.100000000000000000e+01,2.583333333333333215e+01
5.200000000000000000e+01,2.633333333333333215e+01
5.300000000000000000e+01,2.683333333333333215e+01
5.400000000000000000e+01,2.733333333333333215e+01
5.500000000000000000e+01,2.783333333333333215e+01
5.600000000000000000e+01,2.833333333333333215e+01
5.700000000000000000e+01,2.883333333333333215e+01
5.800000000000000000e+01,2.933333333333333215e+01
5.900000000000000000e+01,2.983333333333333215e+01
6.000000000000000000e+01,3.033333333333333215e+01
6.100000000000000000e+01,3.083333333333333215e+01
6.200000000000000000e+01,3.133333333333333215e+01
6.300000000000000000e+01,3.183333333333333215e+01
6.400000000000000000e+01,3.233333333333333570e+01
6.500000000000000000e+01,3.283333333333333570e+01
6.600000000000000000e+01,3.333333333333333570e+01
6.700000000000000000e+01,3.383333333333333570e+01
6.800000000000000000e+01,3.433333333333333570e+01
6.900000000000000000e+01,3.483333333333333570e+01
7.000000000000000000e+01,3.533333333333333570e+01
7.100000000000000000e+01,3.583333333333333570e+01
7.200000000000000000e+01,3.633333333333333570e+01
7.300000000000000000e+01,3.683333333333333570e+01
7.400000000000000000e+01,3.733333333333333570e+01
7.500000000000000000e+01,3.783333333333333570e+01
7.600000000000000000e+01,3.833333333333333570e+01
7.700000000000000000e+01,3.883333333333333570e+01
7.800000000000000000e+01,3.933333333333333570e+01
7.900000000000000000e+01,3.983333333333333570e+01
8.000000000000000000e+01,4.033333333333333570e+01
8.100000000000000000e+01,4.083333333333333570e+01
8.200000000000000000e+01,4.133333333333333570e+01
8.300000000000000000e+01,4.183333333333333570e+01
8.400000000000000000e+01,4.233333333333333570e+01
8.500000000000000000e+01,4.283333333333333570e+01
8.600000000000000000e+01,4.333333333333333570e+01
8.700000000000000000e+01,4.383333333333333570e+01
8.800000000000000000e+01,4.433333333333333570e+01
8.900000000000000000e+01,4.483333333333333570e+01
9.000000000000000000e+01,4.533333333333333570e+01
9.100000000000000000e+01,4.583333333333333570e+01
9.200000000000000000e+01,4.633333333333333570e+01
9.300000000000000000e+01,4.683333333333333570e+01
9.400000000000000000e+01,4.733333333333333570e+01
9.500000000000000000e+01,4.783333333333333570e+01
9.600000000000000000e+01,4.833333333333333570e+01
9.700000000000000000e+01,4.883333333333333570e+01
9.800000000000000000e+01,4.933333333333333570e+01
9.900000000000000000e+01,4.983333333333333570e+01
1.000000000000000000e+02,5.033333333333333570e+01
1.010000000000000000e+02,5.083333333333333570e+01
1.020000000000000000e+02,5.133333333333333570e+01
1.030000000000000000e+02,5.183333333333333570e+01
1.040000000000000000e+02,5.233333333333333570e+01
1.050000000000000000e+02,5.283333333333333570e+01
1.060000000000000000e+02,5.333333333333333570e+01
1.070000000000000000e+02,5.383333333333333570e+01
1.080000000000000000e+02,5.433333333333333570e+01
1.090000000000000000e+02,5.483333333333333570e+01
1.100000000000000000e+02,5.533333333333333570e+01
1.110000000000000000e+02,5.583333333333333570e+01
1.120000000000000000e+02,5.633333333333333570e+01
1.130000000000000000e+02,5.683333333333333570e+01
1.140000000000000000e+02,5.733333333333333570e+01
1.150000000000000000e+02,5.783333333333333570e+01
1.160000000000000000e+02,5.833333333333333570e+01
1.170000000000000000e+02,5.883333333333333570e+01
1.180000000000000000e+02,5.933333333333333570e+01
1.190000000000000000e+02,5.983333333333333570e+01
1.200000000000000000e+02,6.033333333333333570e+01
1.210000000000000000e+02,6.083333333333333570e+01
1.220000000000000000e+02,6.133333333333333570e+01
1.230000000000000000e+02,6.183333333333333570e+01
1.240000000000000000e+02,6.233333333333333570e+01
1.250000000000000000e+02,6.283333333333333570e+01
1.260000000000000000e+02,6.333333333333333570e+01
1.270000000000000000e+02,6.383333333333333570e+01
1.280000000000000000e+02,6.433333333333332860e+01
1.290000000000000000e+02,6.483333333333332860e+01
1.300000000000000000e+02,6.533333333333332860e+01
1.310000000000000000e+02,6.583333333333332860e+01
1.320000000000000000e+02,6.633333333333332860e+01
1.330000000000000000e+02,6.683333333333332860e+01
1.340000000000000000e+02,6.733333333333332860e+01
1.350000000000000000e+02,6.783333333333332860e+01
1.360000000000000000e+02,6.833333333333332860e+01
1.370000000000000000e+02,6.883333333333332860e+01
1.380000000000000000e+02,6.933333333333332860e+01
1.390000000000000000e+02,6.983333333333332860e+01
1.400000000000000000e+02,7.033333333333332860e+01
1.410000000000000000e+02,7.083333333333332860e+01
1.420000000000000000e+02,7.133333333333332860e+01
1.430000000000000000e+02,7.183333333333332860e+01
1.440000000000000000e+02,7.233333333333332860e+01
1.450000000000000000e+02,7.283333333333332860e+01
1.460000000000000000e+02,7.333333333333332860e+01
1.470000000000000000e+02,7.383333333333332860e+01
1.480000000000000000e+02,7.433333333333332860e+01
1.490000000000000000e+02,7.483333333333332860e+01
1.500000000000000000e+02,7.533333333333332860e+01
1.510000000000000000e+02,7.583333333333332860e+01
1.520000000000000000e+02,7.633333333333332860e+01
1.530000000000000000e+02,7.683333333333332860e+01
1.540000000000000000e+02,7.733333333333332860e+01
1.550000000000000000e+02,7.783333333333332860e+01
1.560000000000000000e+02,7.833333333333332860e+01
1.570000000000000000e+02,7.883333333333332860e+01
1.580000000000000000e+02,7.933333333333332860e+01
1.590000000000000000e+02,7.983333333333332860e+01
1.600000000000000000e+02,8.033333333333332860e+01
1.610000000000000000e+02,8.083333333333332860e+01
1.620000000000000000e+02,8.133333333333332860e+01
1.630000000000000000e+02,8.183333333333332860e+01
1.640000000000000000e+02,8.233333333333332860e+01
1.650000000000000000e+02,8.283333333333332860e+01
1.660000000000000000e+02,8.333333333333332860e+01
1.670000000000000000e+02,8.383333333333332860e+01
1.680000000000000000e+02,8.433333333333332860e+01
1.690000000000000000e+02,8.483333333333332860e+01
1.700000000000000000e+02,8.533333333333332860e+01
1.710000000000000000e+02,8.583333333333332860e+01
1.720000000000000000e+02,8.633333333333332860e+01
1.730000000000000000e+02,8.683333333333332860e+01
1.740000000000000000e+02,8.733333333333332860e+01
1.750000000000000000e+02,8.783333333333332860e+01
1.760000000000000000e+02,8.833333333333332860e+01
1.770000000000000000e+02,8.883333333333332860e+01
1.780000000000000000e+02,8.933333333333332860e+01
1.790000000000000000e+02,8.983333333333332860e+01
1.800000000000000000e+02,9.033333333333332860e+01
1.810000000000000000e+02,9.083333333333332860e+01
1.820000000000000000e+02,9.133333333333332860e+01
1.830000000000000000e+02,9.183333333333332860e+01
1.840000000000000000e+02,9.233333333333332860e+01
1.850000000000000000e+02,9.283333333333332860e+01
1.860000000000000000e+02,9.333333333333332860e+01
1.870000000000000000e+02,9.383333333333332860e+01
1.880000000000000000e+02,9.433333333333332860e+01
1.890000000000000000e+02,9.483333333333332860e+01
1.900000000000000000e+02,9.533333333333332860e+01
1.910000000000000000e+02,9.583333333333332860e+01
1.920000000000000000e+02,9.633333333333332860e+01
1.930000000000000000e+02,9.683333333333332860e+01
1.940000000000000000e+02,9.733333333333332860e+01
1.950000000000000000e+02,9.783333333333332860e+01
1.960000000000000000e+02,9.833333333333332860e+01
1.970000000000000000e+02,9.883333333333332860e+01
1.980000000000000000e+02,9.933333333333332860e+01
1.990000000000000000e+02,9.983333333333332860e+01
2.000000000000000000e+02,1.003333333333333286e+02
2.010000000000000000e+02,1.008333333333333286e+02
2.020000000000000000e+02,1.013333333333333286e+02
2.030000000000000000e+02,1.018333333333333286e+02
2.040000000000000000e+02,1.023333333333333286e+02
2.050000000000000000e+02,1.028333333333333286e+02
2.060000000000000000e+02,1.033333333333333286e+02
2.070000000000000000e+02,1.038333333333333286e+02
2.080000000000000000e+02,1.043333333333333286e+02
2.090000000000000000e+02,1.048333333333333286e+02
2.100000000000000000e+02,1.053333333333333286e+02
2.110000000000000000e+02,1.058333333333333286e+02
2.120000000000000000e+02,1.063333333333333286e+02
2.130000000000000000e+02,1.068333333333333286e+02
2.140000000000000000e+02,1.073333333333333286e+02
2.150000000000000000e+02,1.078333333333333286e+02
2.160000000000000000e+02,1.083333333333333286e+02
2.170000000000000000e+02,1.088333333333333286e+02
2.180000000000000000e+02,1.093333333333333286e+02
2.190000000000000000e+02,1.098333333333333286e+02
2.200000000000000000e+02,1.103333333333333286e+02
2.210000000000000000e+02,1.108333333333333286e+02
2.220000000000000000e+02,1.113333333333333286e+02
2.230000000000000000e+02,1.118333333333333286e+02
2.240000000000000000e+02,1.123333333333333286e+02
2.250000000000000000e+02,1.128333333333333286e+02
2.260000000000000000e+02,1.133333333333333286e+02
2.270000000000000000e+02,1.138333333333333286e+02
2.280000000000000000e+02,1.143333333333333286e+02
2.290000000000000000e+02,1.148333333333333286e+02
2.300000000000000000e+02,1.153333333333333286e+02
2.310000000000000000e+02,1.158333333333333286e+02
2.320000000000000000e+02,1.163333333333333286e+02
2.330000000000000000e+02,1.168333333333333286e+02
2.340000000000000000e+02,1.173333333333333286e+02
2.350000000000000000e+02,1.178333333333333286e+02
2.360000000000000000e+02,1.183333333333333286e+02
2.370000000000000000e+02,1.188333333333333286e+02
2.380000000000000000e+02,1.193333333333333286e+02
2.390000000000000000e+02,1.198333333333333286e+02
2.400000000000000000e+02,1.203333333333333286e+02
2.410000000000000000e+02,1.208333333333333286e+02
2.420000000000000000e+02,1.213333333333333286e+02
2.430000000000000000e+02,1.218333333333333286e+02
2.440000000000000000e+02,1.223333333333333286e+02
2.450000000000000000e+02,1.228333333333333286e+02
2.460000000000000000e+02,1.233333333333333286e+02
2.470000000000000000e+02,1.238333333333333286e+02
2.480000000000000000e+02,1.243333333333333286e+02
2.490000000000000000e+02,1.248333333333333286e+02
2.500000000000000000e+02,1.253333333333333286e+02
2.510000000000000000e+02,1.258333333333333286e+02
2.520000000000000000e+02,1.263333333333333286e+02
2.530000000000000000e+02,1.268333333333333286e+02
2.540000000000000000e+02,1.273333333333333286e+02
2.550000000000000000e+02,1.278333333333333286e+02
2.560000000000000000e+02,1.283333333333333428e+02
2.570000000000000000e+02,1.288333333333333428e+02
2.580000000000000000e+02,1.293333333333333428e+02
2.590000000000000000e+02,1.298333333333333428e+02
2.600000000000000000e+02,1.303333333333333428e+02
2.610000000000000000e+02,1.308333333333333428e+02
2.620000000000000000e+02,1.313333333333333428e+02
2.630000000000000000e+02,1.318333333333333428e+02
2.640000000000000000e+02,1.323333333333333428e+02
2.650000000000000000e+02,1.328333333333333428e+02
2.660000000000000000e+02,1.333333333333333428e+02
2.670000000000000000e+02,1.338333333333333428e+02
2.680000000000000000e+02,1.343333333333333428e+02
2.690000000000000000e+02,1.348333333333333428e+02
2.700000000000000000e+02,1.353333333333333428e+02
2.710000000000000000e+02,1.358333333333333428e+02
2.720000000000000000e+02,1.363333333333333428e+02
2.730000000000000000e+02,1.368333333333333428e+02
2.740000000000000000e+02,1.373333333333333428e+02
2.750000000000000000e+02,1.378333333333333428e+02
2.760000000000000000e+02,1.383333333333333428e+02
2.770000000000000000e+02,1.388333333333333428e+02
2.780000000000000000e+02,1.393333333333333428e+02
2.790000000000000000e+02,1.398333333333333428e+02
2.800000000000000000e+02,1.403333333333333428e+02
2.810000000000000000e+02,1.408333333333333428e+02
2.820000000000000000e+02,1.413333333333333428e+02
2.830000000000000000e+02,1.418333333333333428e+02
2.840000000000000000e+02,1.423333333333333428e+02
2.850000000000000000e+02,1.428333333333333428e+02
2.860000000000000000e+02,1.433333333333333428e+02
2.870000000000000000e+02,1.438333333333333428e+02
2.880000000000000000e+02,1.443333333333333428e+02
2.890000000000000000e+02,1.448333333333333428e+02
2.900000000000000000e+02,1.453333333333333428e+02
2.910000000000000000e+02,1.458333333333333428e+02
2.920000000000000000e+02,1.463333333333333428e+02
2.930000000000000000e+02,1.468333333333333428e+02
2.940000000000000000e+02,1.473333333333333428e+02
2.950000000000000000e+02,1.478333333333333428e+02
2.960000000000000000e+02,1.483333333333333428e+02
2.970000000000000000e+02,1.488333333333333428e+02
2.980000000000000000e+02,1.493333333333333428e+02
2.990000000000000000e+02,1.498333333333333428e+02
3.000000000000000000e+02,1.503333333333333428e+02
3.010000000000000000e+02,1.508333333333333428e+02
3.020000000000000000e+02,1.513333333333333428e+02
3.030000000000000000e+02,1.518333333333333428e+02
3.040000000000000000e+02,1.523333333333333428e+02
3.050000000000000000e+02,1.528333333333333428e+02
3.060000000000000000e+02,1.533333333333333428e+02
3.070000000000000000e+02,1.538333333333333428e+02
3.080000000000000000e+02,1.543333333333333428e+02
3.090000000000000000e+02,1.548333333333333428e+02
3.100000000000000000e+02,1.553333333333333428e+02
3.110000000000000000e+02,1.558333333333333428e+02
3.120000000000000000e+02,1.563333333333333428e+02
3.130000000000000000e+02,1.568333333333333428e+02
3.140000000000000000e+02,1.573333333333333428e+02
3.150000000000000000e+02,1.578333333333333428e+02
3.160000000000000000e+02,1.583333333333333428e+02
3.170000000000000000e+02,1.588333333333333428e+02
3.180000000000000000e+02,1.593333333333333428e+02
3.190000000000000000e+02,1.598333333333333428e+02
3.200000000000000000e+02,1.603333333333333428e+02
3.210000000000000000e+02,1.608333333333333428e+02
3.220000000000000000e+02,1.613333333333333428e+02
3.230000000000000000e+02,1.618333333333333428e+02
3.240000000000000000e+02,1.623333333333333428e+02
3.250000000000000000e+02,1.628333333333333428e+02
3.260000000000000000e+02,1.633333333333333428e+02
3.270000000000000000e+02,1.638333333333333428e+02
3.280000000000000000e+02,1.643333333333333428e+02
3.290000000000000000e+02,1.648333333333333428e+02
3.300000000000000000e+02,1.653333333333333428e+02
3.310000000000000000e+02,1.658333333333333428e+02
3.320000000000000000e+02,1.663333333333333428e+02
3.330000000000000000e+02,1.668333333333333428e+02
3.340000000000000000e+02,1.673333333333333428e+02
3.350000000000000000e+02,1.678333333333333428e+02
3.360000000000000000e+02,1.683333333333333428e+02
3.370000000000000000e+02,1.688333333333333428e+02
3.380000000000000000e+02,1.693333333333333428e+02
3.390000000000000000e+02,1.698333333333333428e+02
3.400000000000000000e+02,1.703333333333333428e+02
3.410000000000000000e+02,1.708333333333333428e+02
3.420000000000000000e+02,1.713333333333333428e+02
3.430000000000000000e+02,1.718333333333333428e+02
3.440000000000000000e+02,1.723333333333333428e+02
3.450000000000000000e+02,1.728333333333333428e+02
3.460000000000000000e+02,1.733333333333333428e+02
3.470000000000000000e+02,1.738333333333333428e+02
3.480000000000000000e+02,1.743333333333333428e+02
3.490000000000000000e+02,1.748333333333333428e+02
3.500000000000000000e+02,1.753333333333333428e+02
3.510000000000000000e+02,1.758333333333333428e+02
3.520000000000000000e+02,1.763333333333333428e+02
3.530000000000000000e+02,1.768333333333333428e+02
3.540000000000000000e+02,1.773333333333333428e+02
3.550000000000000000e+02,1.778333333333333428e+02
3.560000000000000000e+02,1.783333333333333428e+02
3.570000000000000000e+02,1.788333333333333428e+02
3.580000000000000000e+02,1.793333333333333428e+02
3.590000000000000000e+02,1.798333333333333428e+02
3.600000000000000000e+02,1.803333333333333428e+02
3.610000000000000000e+02,1.808333333333333428e+02
3.620000000000000000e+02,1.813333333333333428e+02
3.630000000000000000e+02,1.818333333333333428e+02
3.640000000000000000e+02,1.823333333333333428e+02
3.650000000000000000e+02,1.828333333333333428e+02
3.660000000000000000e+02,1.833333333333333428e+02
3.670000000000000000e+02,1.838333333333333428e+02
3.680000000000000000e+02,1.843333333333333428e+02
3.690000000000000000e+02,1.848333333333333428e+02
3.700000000000000000e+02,1.853333333333333428e+02
3.710000000000000000e+02,1.858333333333333428e+02
3.720000000000000000e+02,1.863333333333333428e+02
3.730000000000000000e+02,1.868333333333333428e+02
3.740000000000000000e+02,1.873333333333333428e+02
3.750000000000000000e+02,1.878333333333333428e+02
3.760000000000000000e+02,1.883333333333333428e+02
3.770000000000000000e+02,1.888333333333333428e+02
3.780000000000000000e+02,1.893333333333333428e+02
3.790000000000000000e+02,1.898333333333333428e+02
3.800000000000000000e+02,1.903333333333333428e+02
3.810000000000000000e+02,1.908333333333333428e+02
3.820000000000000000e+02,1.913333333333333428e+02
3.830000000000000000e+02,1.918333333333333428e+02
3.840000000000000000e+02,1.923333333333333428e+02
3.850000000000000000e+02,1.928333333333333428e+02
3.860000000000000000e+02,1.933333333333333428e+02
3.870000000000000000e+02,1.938333333333333428e+02
3.880000000000000000e+02,1.943333333333333428e+02
3.890000000000000000e+02,1.948333333333333428e+02
3.900000000000000000e+02,1.953333333333333428e+02
3.910000000000000000e+02,1.958333333333333428e+02
3.920000000000000000e+02,1.963333333333333428e+02
3.930000000000000000e+02,1.968333333333333428e+02
3.940000000000000000e+02,1.973333333333333428e+02
3.950000000000000000e+02,1.978333333333333428e+02
3.960000000000000000e+02,1.983333333333333428e+02
3.970000000000000000e+02,1.988333333333333428e+02
3.980000000000000000e+02,1.993333333333333428e+02
3.990000000000000000e+02,1.998333333333333428e+02
4.000000000000000000e+02,2.003333333333333428e+02
4.010000000000000000e+02,2.008333333333333428e+02
4.020000000000000000e+02,2.013333333333333428e+02
4.030000000000000000e+02,2.018333333333333428e+02
4.040000000000000000e+02,2.023333333333333428e+02
4.050000000000000000e+02,2.028333333333333428e+02
4.060000000000000000e+02,2.033333333333333428e+02
4.070000000000000000e+02,2.038333333333333428e+02
4.080000000000000000e+02,2.043333333333333428e+02
4.090000000000000000e+02,2.048333333333333428e+02
4.100000000000000000e+02,2.053333333333333428e+02
4.110000000000000000e+02,2.058333333333333428e+02
4.120000000000000000e+02,2.063333333333333428e+02
4.130000000000000000e+02,2.068333333333333428e+02
4.140000000000000000e+02,2.073333333333333428e+02
4.150000000000000000e+02,2.078333333333333428e+02
4.160000000000000000e+02,2.083333333333333428e+02
4.170000000000000000e+02,2.088333333333333428e+02
4.180000000000000000e+02,2.093333333333333428e+02
4.190000000000000000e+02,2.098333333333333428e+02
4.200000000000000000e+02,2.103333333333333428e+02
4.210000000000000000e+02,2.108333333333333428e+02
4.220000000000000000e+02,2.113333333333333428e+02
4.230000000000000000e+02,2.118333333333333428e+02
4.240000000000000000e+02,2.123333333333333428e+02
4.250000000000000000e+02,2.128333333333333428e+02
4.260000000000000000e+02,2.133333333333333428e+02
4.270000000000000000e+02,2.138333333333333428e+02
4.280000000000000000e+02,2.143333333333333428e+02
4.290000000000000000e+02,2.148333333333333428e+02
4.300000000000000000e+02,2.153333333333333428e+02
4.310000000000000000e+02,2.158333333333333428e+02
4.320000000000000000e+02,2.163333333333333428e+02
4.330000000000000000e+02,2.168333333333333428e+02
4.340000000000000000e+02,2.173333333333333428e+02
4.350000000000000000e+02,2.178333333333333428e+02
4.360000000000000000e+02,2.183333333333333428e+02
4.370000000000000000e+02,2.188333333333333428e+02
4.380000000000000000e+02,2.193333333333333428e+02
4.390000000000000000e+02,2.198333333333333428e+02
4.400000000000000000e+02,2.203333333333333428e+02
4.410000000000000000e+02,2.208333333333333428e+02
4.420000000000000000e+02,2.213333333333333428e+02
4.430000000000000000e+02,2.218333333333333428e+02
4.440000000000000000e+02,2.223333333333333428e+02
4.450000000000000000e+02,2.228333333333333428e+02
4.460000000000000000e+02,2.233333333333333428e+02
4.470000000000000000e+02,2.238333333333333428e+02
4.480000000000000000e+02,2.243333333333333428e+02
4.490000000000000000e+02,2.248333333333333428e+02
4.500000000000000000e+02,2.253333333333333428e+02
4.510000000000000000e+02,2.258333333333333428e+02
4.520000000000000000e+02,2.263333333333333428e+02
4.530000000000000000e+02,2.268333333333333428e+02
4.540000000000000000e+02,2.273333333333333428e+02
4.550000000000000000e+02,2.278333333333333428e+02
4.560000000000000000e+02,2.283333333333333428e+02
4.570000000000000000e+02,2.288333333333333428e+02
4.580000000000000000e+02,2.293333333333333428e+02
4.590000000000000000e+02,2.298333333333333428e+02
4.600000000000000000e+02,2.303333333333333428e+02
4.610000000000000000e+02,2.308333333333333428e+02
4.620000000000000000e+02,2.313333333333333428e+02
4.630000000000000000e+02,2.318333333333333428e+02
4.640000000000000000e+02,2.323333333333333428e+02
4.650000000000000000e+02,2.328333333333333428e+02
4.660000000000000000e+02,2.333333333333333428e+02
4.670000000000000000e+02,2.338333333333333428e+02
4.680000000000000000e+02,2.343333333333333428e+02
4.690000000000000000e+02,2.348333333333333428e+02
4.700000000000000000e+02,2.353333333333333428e+02
4.710000000000000000e+02,2.358333333333333428e+02
4.720000000000000000e+02,2.363333333333333428e+02
4.730000000000000000e+02,2.368333333333333428e+02
4.740000000000000000e+02,2.373333333333333428e+02
4.750000000000000000e+02,2.378333333333333428e+02
4.760000000000000000e+02,2.383333333333333428e+02
4.770000000000000000e+02,2.388333333333333428e+02
4.780000000000000000e+02,2.393333333333333428e+02
4.790000000000000000e+02,2.398333333333333428e+02
4.800000000000000000e+02,2.403333333333333428e+02
4.810000000000000000e+02,2.408333333333333428e+02
4.820000000000000000e+02,2.413333333333333428e+02
4.830000000000000000e+02,2.418333333333333428e+02
4.840000000000000000e+02,2.423333333333333428e+02
4.850000000000000000e+02,2.428333333333333428e+02
4.860000000000000000e+02,2.433333333333333428e+02
4.870000000000000000e+02,2.438333333333333428e+02
4.880000000000000000e+02,2.443333333333333428e+02
4.890000000000000000e+02,2.448333333333333428e+02
4.900000000000000000e+02,2.453333333333333428e+02
4.910000000000000000e+02,2.458333333333333428e+02
4.920000000000000000e+02,2.463333333333333428e+02
4.930000000000000000e+02,2.468333333333333428e+02
4.940000000000000000e+02,2.473333333333333428e+02
4.950000000000000000e+02,2.478333333333333428e+02
4.960000000000000000e+02,2.483333333333333428e+02
4.970000000000000000e+02,2.488333333333333428e+02
4.980000000000000000e+02,2.493333333333333428e+02
4.990000000000000000e+02,2.498333333333333428e+02
5.000000000000000000e+02,2.503333333333333428e+02
5.010000000000000000e+02,2.508333333333333428e+02
5.020000000000000000e+02,2.513333333333333428e+02
5.030000000000000000e+02,2.518333333333333428e+02
5.040000000000000000e+02,2.523333333333333428e+02
5.050000000000000000e+02,2.528333333333333428e+02
5.060000000000000000e+02,2.533333333333333428e+02
5.070000000000000000e+02,2.538333333333333428e+02
5.080000000000000000e+02,2.543333333333333428e+02
5.090000000000000000e+02,2.548333333333333428e+02
5.100000000000000000e+02,2.553333333333333428e+02
5.110000000000000000e+02,2.558333333333333428e+02
5.120000000000000000e+02,2.563333333333333144e+02
5.130000000000000000e+02,2.568333333333333144e+02
5.140000000000000000e+02,2.573333333333333144e+02
5.150000000000000000e+02,2.578333333333333144e+02
5.160000000000000000e+02,2.583333333333333144e+02
5.170000000000000000e+02,2.588333333333333144e+02
5.180000000000000000e+02,2.593333333333333144e+02
5.190000000000000000e+02,2.598333333333333144e+02
5.200000000000000000e+02,2.603333333333333144e+02
5.210000000000000000e+02,2.608333333333333144e+02
5.220000000000000000e+02,2.613333333333333144e+02
5.230000000000000000e+02,2.618333333333333144e+02
5.240000000000000000e+02,2.623333333333333144e+02
5.250000000000000000e+02,2.628333333333333144e+02
5.260000000000000000e+02,2.633333333333333144e+02
5.270000000000000000e+02,2.638333333333333144e+02
5.280000000000000000e+02,2.643333333333333144e+02
5.290000000000000000e+02,2.648333333333333144e+02
5.300000000000000000e+02,2.653333333333333144e+02
5.310000000000000000e+02,2.658333333333333144e+02
5.320000000000000000e+02,2.663333333333333144e+02
5.330000000000000000e+02,2.668333333333333144e+02
5.340000000000000000e+02,2.673333333333333144e+02
5.350000000000000000e+02,2.678333333333333144e+02
5.360000000000000000e+02,2.683333333333333144e+02
5.370000000000000000e+02,2.688333333333333144e+02
5.380000000000000000e+02,2.693333333333333144e+02
5.390000000000000000e+02,2.698333333333333144e+02
5.400000000000000000e+02,2.703333333333333144e+02
5.410000000000000000e+02,2.708333333333333144e+02
5.420000000000000000e+02,2.713333333333333144e+02
5.430000000000000000e+02,2.718333333333333144e+02
5.440000000000000000e+02,2.723333333333333144e+02
5.450000000000000000e+02,2.728333333333333144e+02
5.460000000000000000e+02,2.733333333333333144e+02
5.470000000000000000e+02,2.738333333333333144e+02
5.480000000000000000e+02,2.743333333333333144e+02
5.490000000000000000e+02,2.748333333333333144e+02
5.500000000000000000e+02,2.753333333333333144e+02
5.510000000000000000e+02,2.758333333333333144e+02
5.520000000000000000e+02,2.763333333333333144e+02
5.530000000000000000e+02,2.768333333333333144e+02
5.540000000000000000e+02,2.773333333333333144e+02
5.550000000000000000e+02,2.778333333333333144e+02
5.560000000000000000e+02,2.783333333333333144e+02
5.570000000000000000e+02,2.788333333333333144e+02
5.580000000000000000e+02,2.793333333333333144e+02
5.590000000000000000e+02,2.798333333333333144e+02
5.600000000000000000e+02,2.803333333333333144e+02
5.610000000000000000e+02,2.808333333333333144e+02
5.620000000000000000e+02,2.813333333333333144e+02
5.630000000000000000e+02,2.818333333333333144e+02
5.640000000000000000e+02,2.823333333333333144e+02
5.650000000000000000e+02,2.828333333333333144e+02
5.660000000000000000e+02,2.833333333333333144e+02
5.670000000000000000e+02,2.838333333333333144e+02
5.680000000000000000e+02,2.843333333333333144e+02
5.690000000000000000e+02,2.848333333333333144e+02
5.700000000000000000e+02,2.853333333333333144e+02
5.710000000000000000e+02,2.858333333333333144e+02
5.720000000000000000e+02,2.863333333333333144e+02
5.730000000000000000e+02,2.868333333333333144e+02
5.740000000000000000e+02,2.873333333333333144e+02
5.750000000000000000e+02,2.878333333333333144e+02
5.760000000000000000e+02,2.883333333333333144e+02
5.770000000000000000e+02,2.888333333333333144e+02
5.780000000000000000e+02,2.893333333333333144e+02
5.790000000000000000e+02,2.898333333333333144e+02
5.800000000000000000e+02,2.903333333333333144e+02
5.810000000000000000e+02,2.908333333333333144e+02
5.820000000000000000e+02,2.913333333333333144e+02
5.830000000000000000e+02,2.918333333333333144e+02
5.840000000000000000e+02,2.923333333333333144e+02
5.850000000000000000e+02,2.928333333333333144e+02
5.860000000000000000e+02,2.933333333333333144e+02
5.870000000000000000e+02,2.938333333333333144e+02
5.880000000000000000e+02,2.943333333333333144e+02
5.890000000000000000e+02,2.948333333333333144e+02
5.900000000000000000e+02,2.953333333333333144e+02
5.910000000000000000e+02,2.958333333333333144e+02
5.920000000000000000e+02,2.963333333333333144e+02
5.930000000000000000e+02,2.968333333333333144e+02
5.940000000000000000e+02,2.973333333333333144e+02
5.950000000000000000e+02,2.978333333333333144e+02
5.960000000000000000e+02,2.983333333333333144e+02
5.970000000000000000e+02,2.988333333333333144e+02
5.980000000000000000e+02,2.993333333333333144e+02
5.990000000000000000e+02,2.998333333333333144e+02
6.000000000000000000e+02,3.003333333333333144e+02
6.010000000000000000e+02,3.008333333333333144e+02
6.020000000000000000e+02,3.013333333333333144e+02
6.030000000000000000e+02,3.018333333333333144e+02
6.040000000000000000e+02,3.023333333333333144e+02
6.050000000000000000e+02,3.028333333333333144e+02
6.060000000000000000e+02,3.033333333333333144e+02
6.070000000000000000e+02,3.038333333333333144e+02
6.080000000000000000e+02,3.043333333333333144e+02
6.090000000000000000e+02,3.048333333333333144e+02
6.100000000000000000e+02,3.053333333333333144e+02
6.110000000000000000e+02,3.058333333333333144e+02
6.120000000000000000e+02,3.063333333333333144e+02
6.130000000000000000e+02,3.068333333333333144e+02
6.140000000000000000e+02,3.073333333333333144e+02
6.150000000000000000e+02,3.078333333333333144e+02
6.160000000000000000e+02,3.083333333333333144e+02
6.170000000000000000e+02,3.088333333333333144e+02
6.180000000000000000e+02,3.093333333333333144e+02
6.190000000000000000e+02,3.098333333333333144e+02
6.200000000000000000e+02,3.103333333333333144e+02
6.210000000000000000e+02,3.108333333333333144e+02
6.220000000000000000e+02,3.113333333333333144e+02
6.230000000000000000e+02,3.118333333333333144e+02
6.240000000000000000e+02,3.123333333333333144e+02
6.250000000000000000e+02,3.128333333333333144e+02
6.260000000000000000e+02,3.133333333333333144e+02
6.270000000000000000e+02,3.138333333333333144e+02
6.280000000000000000e+02,3.143333333333333144e+02
6.290000000000000000e+02,3.148333333333333144e+02
6.300000000000000000e+02,3.153333333333333144e+02
6.310000000000000000e+02,3.158333333333333144e+02
6.320000000000000000e+02,3.163333333333333144e+02
6.330000000000000000e+02,3.168333333333333144e+02
6.340000000000000000e+02,3.173333333333333144e+02
6.350000000000000000e+02,3.178333333333333144e+02
6.360000000000000000e+02,3.183333333333333144e+02
6.370000000000000000e+02,3.188333333333333144e+02
6.380000000000000000e+02,3.193333333333333144e+02
6.390000000000000000e+02,3.198333333333333144e+02
6.400000000000000000e+02,3.203333333333333144e+02
6.410000000000000000e+02,3.208333333333333144e+02
6.420000000000000000e+02,3.213333333333333144e+02
6.430000000000000000e+02,3.218333333333333144e+02
6.440000000000000000e+02,3.223333333333333144e+02
6.450000000000000000e+02,3.228333333333333144e+02
6.460000000000000000e+02,3.233333333333333144e+02
6.470000000000000000e+02,3.238333333333333144e+02
6.480000000000000000e+02,3.243333333333333144e+02
6.490000000000000000e+02,3.248333333333333144e+02
6.500000000000000000e+02,3.253333333333333144e+02
6.510000000000000000e+02,3.258333333333333144e+02
6.520000000000000000e+02,3.263333333333333144e+02
6.530000000000000000e+02,3.268333333333333144e+02
6.540000000000000000e+02,3.273333333333333144e+02
6.550000000000000000e+02,3.278333333333333144e+02
6.560000000000000000e+02,3.283333333333333144e+02
6.570000000000000000e+02,3.288333333333333144e+02
6.580000000000000000e+02,3.293333333333333144e+02
6.590000000000000000e+02,3.298333333333333144e+02
6.600000000000000000e+02,3.303333333333333144e+02
6.610000000000000000e+02,3.308333333333333144e+02
6.620000000000000000e+02,3.313333333333333144e+02
6.630000000000000000e+02,3.318333333333333144e+02
6.640000000000000000e+02,3.323333333333333144e+02
6.650000000000000000e+02,3.328333333333333144e+02
6.660000000000000000e+02,3.333333333333333144e+02
6.670000000000000000e+02,3.338333333333333144e+02
6.680000000000000000e+02,3.343333333333333144e+02
6.690000000000000000e+02,3.348333333333333144e+02
6.700000000000000000e+02,3.353333333333333144e+02
6.710000000000000000e+02,3.358333333333333144e+02
6.720000000000000000e+02,3.363333333333333144e+02
6.730000000000000000e+02,3.368333333333333144e+02
6.740000000000000000e+02,3.373333333333333144e+02
6.750000000000000000e+02,3.378333333333333144e+02
6.760000000000000000e+02,3.383333333333333144e+02
6.770000000000000000e+02,3.388333333333333144e+02
6.780000000000000000e+02,3.393333333333333144e+02
6.790000000000000000e+02,3.398333333333333144e+02
6.800000000000000000e+02,3.403333333333333144e+02
6.810000000000000000e+02,3.408333333333333144e+02
6.820000000000000000e+02,3.413333333333333144e+02
6.830000000000000000e+02,3.418333333333333144e+02
6.840000000000000000e+02,3.423333333333333144e+02
6.850000000000000000e+02,3.428333333333333144e+02
6.860000000000000000e+02,3.433333333333333144e+02
6.870000000000000000e+02,3.438333333333333144e+02
6.880000000000000000e+02,3.443333333333333144e+02
6.890000000000000000e+02,3.448333333333333144e+02
6.900000000000000000e+02,3.453333333333333144e+02
6.910000000000000000e+02,3.458333333333333144e+02
6.920000000000000000e+02,3.463333333333333144e+02
6.930000000000000000e+02,3.468333333333333144e+02
6.940000000000000000e+02,3.473333333333333144e+02
6.950000000000000000e+02,3.478333333333333144e+02
6.960000000000000000e+02,3.483333333333333144e+02
6.970000000000000000e+02,3.488333333333333144e+02
6.980000000000000000e+02,3.493333333333333144e+02
6.990000000000000000e+02,3.498333333333333144e+02
7.000000000000000000e+02,3.503333333333333144e+02
7.010000000000000000e+02,3.508333333333333144e+02
7.020000000000000000e+02,3.513333333333333144e+02
7.030000000000000000e+02,3.518333333333333144e+02
7.040000000000000000e+02,3.523333333333333144e+02
7.050000000000000000e+02,3.528333333333333144e+02
7.060000000000000000e+02,3.533333333333333144e+02
7.070000000000000000e+02,3.538333333333333144e+02
7.080000000000000000e+02,3.543333333333333144e+02
7.090000000000000000e+02,3.548333333333333144e+02
7.100000000000000000e+02,3.553333333333333144e+02
7.110000000000000000e+02,3.558333333333333144e+02
7.120000000000000000e+02,3.563333333333333144e+02
7.130000000000000000e+02,3.568333333333333144e+02
7.140000000000000000e+02,3.573333333333333144e+02
7.150000000000000000e+02,3.578333333333333144e+02
7.160000000000000000e+02,3.583333333333333144e+02
7.170000000000000000e+02,3.588333333333333144e+02
7.180000000000000000e+02,3.593333333333333144e+02
7.190000000000000000e+02,3.598333333333333144e+02
7.200000000000000000e+02,3.603333333333333144e+02
7.210000000000000000e+02,3.608333333333333144e+02
7.220000000000000000e+02,3.613333333333333144e+02
7.230000000000000000e+02,3.618333333333333144e+02
7.240000000000000000e+02,3.623333333333333144e+02
7.250000000000000000e+02,3.628333333333333144e+02
7.260000000000000000e+02,3.633333333333333144e+02
7.270000000000000000e+02,3.638333333333333144e+02
7.280000000000000000e+02,3.643333333333333144e+02
7.290000000000000000e+02,3.648333333333333144e+02
7.300000000000000000e+02,3.653333333333333144e+02
7.310000000000000000e+02,3.658333333333333144e+02
7.320000000000000000e+02,3.663333333333333144e+02
7.330000000000000000e+02,3.668333333333333144e+02
7.340000000000000000e+02,3.673333333333333144e+02
7.350000000000000000e+02,3.678333333333333144e+02
7.360000000000000000e+02,3.683333333333333144e+02
7.370000000000000000e+02,3.688333333333333144e+02
7.380000000000000000e+02,3.693333333333333144e+02
7.390000000000000000e+02,3.698333333333333144e+02
7.400000000000000000e+02,3.703333333333333144e+02
7.410000000000000000e+02,3.708333333333333144e+02
7.420000000000000000e+02,3.713333333333333144e+02
7.430000000000000000e+02,3.718333333333333144e+02
7.440000000000000000e+02,3.723333333333333144e+02
7.450000000000000000e+02,3.728333333333333144e+02
7.460000000000000000e+02,3.733333333333333144e+02
7.470000000000000000e+02,3.738333333333333144e+02
7.480000000000000000e+02,3.743333333333333144e+02
7.490000000000000000e+02,3.748333333333333144e+02
7.500000000000000000e+02,3.753333333333333144e+02
7.510000000000000000e+02,3.758333333333333144e+02
7.520000000000000000e+02,3.763333333333333144e+02
7.530000000000000000e+02,3.768333333333333144e+02
7.540000000000000000e+02,3.773333333333333144e+02
7.550000000000000000e+02,3.778333333333333144e+02
7.560000000000000000e+02,3.783333333333333144e+02
7.570000000000000000e+02,3.788333333333333144e+02
7.580000000000000000e+02,3.793333333333333144e+02
7.590000000000000000e+02,3.798333333333333144e+02
7.600000000000000000e+02,3.803333333333333144e+02
7.610000000000000000e+02,3.808333333333333144e+02
7.620000000000000000e+02,3.813333333333333144e+02
7.630000000000000000e+02,3.818333333333333144e+02
7.640000000000000000e+02,3.823333333333333144e+02
7.650000000000000000e+02,3.828333333333333144e+02
7.660000000000000000e+02,3.833333333333333144e+02
7.670000000000000000e+02,3.838333333333333144e+02
7.680000000000000000e+02,3.843333333333333144e+02
7.690000000000000000e+02,3.848333333333333144e+02
7.700000000000000000e+02,3.853333333333333144e+02
7.710000000000000000e+02,3.858333333333333144e+02
7.720000000000000000e+02,3.863333333333333144e+02
7.730000000000000000e+02,3.868333333333333144e+02
7.740000000000000000e+02,3.873333333333333144e+02
7.750000000000000000e+02,3.878333333333333144e+02
7.760000000000000000e+02,3.883333333333333144e+02
7.770000000000000000e+02,3.888333333333333144e+02
7.780000000000000000e+02,3.893333333333333144e+02
7.790000000000000000e+02,3.898333333333333144e+02
7.800000000000000000e+02,3.903333333333333144e+02
7.810000000000000000e+02,3.908333333333333144e+02
7.820000000000000000e+02,3.913333333333333144e+02
7.830000000000000000e+02,3.918333333333333144e+02
7.840000000000000000e+02,3.923333333333333144e+02
7.850000000000000000e+02,3.928333333333333144e+02
7.860000000000000000e+02,3.933333333333333144e+02
7.870000000000000000e+02,3.938333333333333144e+02
7.880000000000000000e+02,3.943333333333333144e+02
7.890000000000000000e+02,3.948333333333333144e+02
7.900000000000000000e+02,3.953333333333333144e+02
7.910000000000000000e+02,3.958333333333333144e+02
7.920000000000000000e+02,3.963333333333333144e+02
7.930000000000000000e+02,3.968333333333333144e+02
7.940000000000000000e+02,3.973333333333333144e+02
7.950000000000000000e+02,3.978333333333333144e+02
7.960000000000000000e+02,3.983333333333333144e+02
7.970000000000000000e+02,3.988333333333333144e+02
7.980000000000000000e+02,3.993333333333333144e+02
7.990000000000000000e+02,3.998333333333333144e+02
8.000000000000000000e+02,4.003333333333333144e+02
8.010000000000000000e+02,4.008333333333333144e+02
8.020000000000000000e+02,4.013333333333333144e+02
8.030000000000000000e+02,4.018333333333333144e+02
8.040000000000000000e+02,4.023333333333333144e+02
8.050000000000000000e+02,4.028333333333333144e+02
8.060000000000000000e+02,4.033333333333333144e+02
8.070000000000000000e+02,4.038333333333333144e+02
8.080000000000000000e+02,4.043333333333333144e+02
8.090000000000000000e+02,4.048333333333333144e+02
8.100000000000000000e+02,4.053333333333333144e+02
8.110000000000000000e+02,4.058333333333333144e+02
8.120000000000000000e+02,4.063333333333333144e+02
8.130000000000000000e+02,4.068333333333333144e+02
8.140000000000000000e+02,4.073333333333333144e+02
8.150000000000000000e+02,4.078333333333333144e+02
8.160000000000000000e+02,4.083333333333333144e+02
8.170000000000000000e+02,4.088333333333333144e+02
8.180000000000000000e+02,4.093333333333333144e+02
8.190000000000000000e+02,4.098333333333333144e+02
8.200000000000000000e+02,4.103333333333333144e+02
8.210000000000000000e+02,4.108333333333333144e+02
8.220000000000000000e+02,4.113333333333333144e+02
8.230000000000000000e+02,4.118333333333333144e+02
8.240000000000000000e+02,4.123333333333333144e+02
8.250000000000000000e+02,4.128333333333333144e+02
8.260000000000000000e+02,4.133333333333333144e+02
8.270000000000000000e+02,4.138333333333333144e+02
8.280000000000000000e+02,4.143333333333333144e+02
8.290000000000000000e+02,4.148333333333333144e+02
8.300000000000000000e+02,4.153333333333333144e+02
8.310000000000000000e+02,4.158333333333333144e+02
8.320000000000000000e+02,4.163333333333333144e+02
8.330000000000000000e+02,4.168333333333333144e+02
8.340000000000000000e+02,4.173333333333333144e+02
8.350000000000000000e+02,4.178333333333333144e+02
8.360000000000000000e+02,4.183333333333333144e+02
8.370000000000000000e+02,4.188333333333333144e+02
8.380000000000000000e+02,4.193333333333333144e+02
8.390000000000000000e+02,4.198333333333333144e+02
8.400000000000000000e+02,4.203333333333333144e+02
8.410000000000000000e+02,4.208333333333333144e+02
8.420000000000000000e+02,4.213333333333333144e+02
8.430000000000000000e+02,4.218333333333333144e+02
8.440000000000000000e+02,4.223333333333333144e+02
8.450000000000000000e+02,4.228333333333333144e+02
8.460000000000000000e+02,4.233333333333333144e+02
8.470000000000000000e+02,4.238333333333333144e+02
8.480000000000000000e+02,4.243333333333333144e+02
8.490000000000000000e+02,4.248333333333333144e+02
8.500000000000000000e+02,4.253333333333333144e+02
8.510000000000000000e+02,4.258333333333333144e+02
8.520000000000000000e+02,4.263333333333333144e+02
8.530000000000000000e+02,4.268333333333333144e+02
8.540000000000000000e+02,4.273333333333333144e+02
8.550000000000000000e+02,4.278333333333333144e+02
8.560000000000000000e+02,4.283333333333333144e+02
8.570000000000000000e+02,4.288333333333333144e+02
8.580000000000000000e+02,4.293333333333333144e+02
8.590000000000000000e+02,4.298333333333333144e+02
8.600000000000000000e+02,4.303333333333333144e+02
8.610000000000000000e+02,4.308333333333333144e+02
8.620000000000000000e+02,4.313333333333333144e+02
8.630000000000000000e+02,4.318333333333333144e+02
8.640000000000000000e+02,4.323333333333333144e+02
8.650000000000000000e+02,4.328333333333333144e+02
8.660000000000000000e+02,4.333333333333333144e+02
8.670000000000000000e+02,4.338333333333333144e+02
8.680000000000000000e+02,4.343333333333333144e+02
8.690000000000000000e+02,4.348333333333333144e+02
8.700000000000000000e+02,4.353333333333333144e+02
8.710000000000000000e+02,4.358333333333333144e+02
8.720000000000000000e+02,4.363333333333333144e+02
8.730000000000000000e+02,4.368333333333333144e+02
8.740000000000000000e+02,4.373333333333333144e+02
8.750000000000000000e+02,4.378333333333333144e+02
8.760000000000000000e+02,4.383333333333333144e+02
8.770000000000000000e+02,4.388333333333333144e+02
8.780000000000000000e+02,4.393333333333333144e+02
8.790000000000000000e+02,4.398333333333333144e+02
8.800000000000000000e+02,4.403333333333333144e+02
8.810000000000000000e+02,4.408333333333333144e+02
8.820000000000000000e+02,4.413333333333333144e+02
8.830000000000000000e+02,4.418333333333333144e+02
8.840000000000000000e+02,4.423333333333333144e+02
8.850000000000000000e+02,4.428333333333333144e+02
8.860000000000000000e+02,4.433333333333333144e+02
8.870000000000000000e+02,4.438333333333333144e+02
8.880000000000000000e+02,4.443333333333333144e+02
8.890000000000000000e+02,4.448333333333333144e+02
8.900000000000000000e+02,4.453333333333333144e+02
8.910000000000000000e+02,4.458333333333333144e+02
8.920000000000000000e+02,4.463333333333333144e+02
8.930000000000000000e+02,4.468333333333333144e+02
8.940000000000000000e+02,4.473333333333333144e+02
8.950000000000000000e+02,4.478333333333333144e+02
8.960000000000000000e+02,4.483333333333333144e+02
8.970000000000000000e+02,4.488333333333333144e+02
8.980000000000000000e+02,4.493333333333333144e+02
8.990000000000000000e+02,4.498333333333333144e+02
9.000000000000000000e+02,4.503333333333333144e+02
9.010000000000000000e+02,4.508333333333333144e+02
9.020000000000000000e+02,4.513333333333333144e+02
9.030000000000000000e+02,4.518333333333333144e+02
9.040000000000000000e+02,4.523333333333333144e+02
9.050000000000000000e+02,4.528333333333333144e+02
9.060000000000000000e+02,4.533333333333333144e+02
9.070000000000000000e+02,4.538333333333333144e+02
9.080000000000000000e+02,4.543333333333333144e+02
9.090000000000000000e+02,4.548333333333333144e+02
9.100000000000000000e+02,4.553333333333333144e+02
9.110000000000000000e+02,4.558333333333333144e+02
9.120000000000000000e+02,4.563333333333333144e+02
9.130000000000000000e+02,4.568333333333333144e+02
9.140000000000000000e+02,4.573333333333333144e+02
9.150000000000000000e+02,4.578333333333333144e+02
9.160000000000000000e+02,4.583333333333333144e+02
9.170000000000000000e+02,4.588333333333333144e+02
9.180000000000000000e+02,4.593333333333333144e+02
9.190000000000000000e+02,4.598333333333333144e+02
9.200000000000000000e+02,4.603333333333333144e+02
9.210000000000000000e+02,4.608333333333333144e+02
9.220000000000000000e+02,4.613333333333333144e+02
9.230000000000000000e+02,4.618333333333333144e+02
9.240000000000000000e+02,4.623333333333333144e+02
9.250000000000000000e+02,4.628333333333333144e+02
9.260000000000000000e+02,4.633333333333333144e+02
9.270000000000000000e+02,4.638333333333333144e+02
9.280000000000000000e+02,4.643333333333333144e+02
9.290000000000000000e+02,4.648333333333333144e+02
9.300000000000000000e+02,4.653333333333333144e+02
9.310000000000000000e+02,4.658333333333333144e+02
9.320000000000000000e+02,4.663333333333333144e+02
9.330000000000000000e+02,4.668333333333333144e+02
9.340000000000000000e+02,4.673333333333333144e+02
9.350000000000000000e+02,4.678333333333333144e+02
9.360000000000000000e+02,4.683333333333333144e+02
9.370000000000000000e+02,4.688333333333333144e+02
9.380000000000000000e+02,4.693333333333333144e+02
9.390000000000000000e+02,4.698333333333333144e+02
9.400000000000000000e+02,4.703333333333333144e+02
9.410000000000000000e+02,4.708333333333333144e+02
9.420000000000000000e+02,4.713333333333333144e+02
9.430000000000000000e+02,4.718333333333333144e+02
9.440000000000000000e+02,4.723333333333333144e+02
9.450000000000000000e+02,4.728333333333333144e+02
9.460000000000000000e+02,4.733333333333333144e+02
9.470000000000000000e+02,4.738333333333333144e+02
9.480000000000000000e+02,4.743333333333333144e+02
9.490000000000000000e+02,4.748333333333333144e+02
9.500000000000000000e+02,4.753333333333333144e+02
9.510000000000000000e+02,4.758333333333333144e+02
9.520000000000000000e+02,4.763333333333333144e+02
9.530000000000000000e+02,4.768333333333333144e+02
9.540000000000000000e+02,4.773333333333333144e+02
9.550000000000000000e+02,4.778333333333333144e+02
9.560000000000000000e+02,4.783333333333333144e+02
9.570000000000000000e+02,4.788333333333333144e+02
9.580000000000000000e+02,4.793333333333333144e+02
9.590000000000000000e+02,4.798333333333333144e+02
9.600000000000000000e+02,4.803333333333333144e+02
9.610000000000000000e+02,4.808333333333333144e+02
9.620000000000000000e+02,4.813333333333333144e+02
9.630000000000000000e+02,4.818333333333333144e+02
9.640000000000000000e+02,4.823333333333333144e+02
9.650000000000000000e+02,4.828333333333333144e+02
9.660000000000000000e+02,4.833333333333333144e+02
9.670000000000000000e+02,4.838333333333333144e+02
9.680000000000000000e+02,4.843333333333333144e+02
9.690000000000000000e+02,4.848333333333333144e+02
9.700000000000000000e+02,4.853333333333333144e+02
9.710000000000000000e+02,4.858333333333333144e+02
9.720000000000000000e+02,4.863333333333333144e+02
9.730000000000000000e+02,4.868333333333333144e+02
9.740000000000000000e+02,4.873333333333333144e+02
9.750000000000000000e+02,4.878333333333333144e+02
9.760000000000000000e+02,4.883333333333333144e+02
9.770000000000000000e+02,4.888333333333333144e+02
9.780000000000000000e+02,4.893333333333333144e+02
9.790000000000000000e+02,4.898333333333333144e+02
9.800000000000000000e+02,4.903333333333333144e+02
9.810000000000000000e+02,4.908333333333333144e+02
9.820000000000000000e+02,4.913333333333333144e+02
9.830000000000000000e+02,4.918333333333333144e+02
9.840000000000000000e+02,4.923333333333333144e+02
9.850000000000000000e+02,4.928333333333333144e+02
9.860000000000000000e+02,4.933333333333333144e+02
9.870000000000000000e+02,4.938333333333333144e+02
9.880000000000000000e+02,4.943333333333333144e+02
9.890000000000000000e+02,4.948333333333333144e+02
9.900000000000000000e+02,4.953333333333333144e+02
9.910000000000000000e+02,4.958333333333333144e+02
9.920000000000000000e+02,4.963333333333333144e+02
9.930000000000000000e+02,4.968333333333333144e+02
9.940000000000000000e+02,4.973333333333333144e+02
9.950000000000000000e+02,4.978333333333333144e+02
9.960000000000000000e+02,4.983333333333333144e+02
9.970000000000000000e+02,4.988333333333333144e+02
9.980000000000000000e+02,4.993333333333333144e+02
9.990000000000000000e+02,4.998333333333333144e+02
