3.333333333333333148e-01
8.333333333333332593e-01
1.333333333333333259e+00
1.833333333333333259e+00
2.333333333333333481e+00
2.833333333333333481e+00
3.333333333333333481e+00
3.833333333333333481e+00
4.333333333333333037e+00
4.833333333333333037e+00
5.333333333333333037e+00
5.833333333333333037e+00
6.333333333333333037e+00
6.833333333333333037e+00
7.333333333333333037e+00
7.833333333333333037e+00
8.333333333333333925e+00
8.833333333333333925e+00
9.333333333333333925e+00
9.833333333333333925e+00
1.033333333333333393e+01
1.083333333333333393e+01
1.133333333333333393e+01
1.183333333333333393e+01
1.233333333333333393e+01
1.283333333333333393e+01
1.333333333333333393e+01
1.383333333333333393e+01
1.433333333333333393e+01
1.483333333333333393e+01
1.533333333333333393e+01
1.583333333333333393e+01
1.633333333333333215e+01
1.683333333333333215e+01
1.733333333333333215e+01
1.783333333333333215e+01
1.833333333333333215e+01
1.883333333333333215e+01
1.933333333333333215e+01
1.983333333333333215e+01
2.033333333333333215e+01
2.083333333333333215e+01
2.133333333333333215e+01
2.183333333333333215e+01
2.233333333333333215e+01
2.283333333333333215e+01
2.333333333333333215e+01
2.383333333333333215e+01
2.433333333333333215e+01
2.483333333333333215e+01
2.533333333333333215e+01
2.583333333333333215e+01
2.633333333333333215e+01
2.683333333333333215e+01
2.733333333333333215e+01
2.783333333333333215e+01
2.833333333333333215e+01
2.883333333333333215e+01
2.933333333333333215e+01
2.983333333333333215e+01
3.033333333333333215e+01
3.083333333333333215e+01
3.133333333333333215e+01
3.183333333333333215e+01
3.233333333333333570e+01
3.283333333333333570e+01
3.333333333333333570e+01
3.383333333333333570e+01
3.433333333333333570e+01
3.483333333333333570e+01
3.533333333333333570e+01
3.583333333333333570e+01
3.633333333333333570e+01
3.683333333333333570e+01
3.733333333333333570e+01
3.783333333333333570e+01
3.833333333333333570e+01
3.883333333333333570e+01
3.933333333333333570e+01
3.983333333333333570e+01
4.033333333333333570e+01
4.083333333333333570e+01
4.133333333333333570e+01
4.183333333333333570e+01
4.233333333333333570e+01
4.283333333333333570e+01
4.333333333333333570e+01
4.383333333333333570e+01
4.433333333333333570e+01
4.483333333333333570e+01
4.533333333333333570e+01
4.583333333333333570e+01
4.633333333333333570e+01
4.683333333333333570e+01
4.733333333333333570e+01
4.783333333333333570e+01
4.833333333333333570e+01
4.883333333333333570e+01
4.933333333333333570e+01
4.983333333333333570e+01
5.033333333333333570e+01
5.083333333333333570e+01
5.133333333333333570e+01
5.183333333333333570e+01
5.233333333333333570e+01
5.283333333333333570e+01
5.333333333333333570e+01
5.383333333333333570e+01
5.433333333333333570e+01
5.483333333333333570e+01
5.533333333333333570e+01
5.583333333333333570e+01
5.633333333333333570e+01
5.683333333333333570e+01
5.733333333333333570e+01
5.783333333333333570e+01
5.833333333333333570e+01
5.883333333333333570e+01
5.933333333333333570e+01
5.983333333333333570e+01
6.033333333333333570e+01
6.083333333333333570e+01
6.133333333333333570e+01
6.183333333333333570e+01
6.233333333333333570e+01
6.283333333333333570e+01
6.333333333333333570e+01
6.383333333333333570e+01
6.433333333333332860e+01
6.483333333333332860e+01
6.533333333333332860e+01
6.583333333333332860e+01
6.633333333333332860e+01
6.683333333333332860e+01
6.733333333333332860e+01
6.783333333333332860e+01
6.833333333333332860e+01
6.883333333333332860e+01
6.933333333333332860e+01
6.983333333333332860e+01
7.033333333333332860e+01
7.083333333333332860e+01
7.133333333333332860e+01
7.183333333333332860e+01
7.233333333333332860e+01
7.283333333333332860e+01
7.333333333333332860e+01
7.383333333333332860e+01
7.433333333333332860e+01
7.483333333333332860e+01
7.533333333333332860e+01
7.583333333333332860e+01
7.633333333333332860e+01
7.683333333333332860e+01
7.733333333333332860e+01
7.783333333333332860e+01
7.833333333333332860e+01
7.883333333333332860e+01
7.933333333333332860e+01
7.983333333333332860e+01
8.033333333333332860e+01
8.083333333333332860e+01
8.133333333333332860e+01
8.183333333333332860e+01
8.233333333333332860e+01
8.283333333333332860e+01
8.333333333333332860e+01
8.383333333333332860e+01
8.433333333333332860e+01
8.483333333333332860e+01
8.533333333333332860e+01
8.583333333333332860e+01
8.633333333333332860e+01
8.683333333333332860e+01
8.733333333333332860e+01
8.783333333333332860e+01
8.833333333333332860e+01
8.883333333333332860e+01
8.933333333333332860e+01
8.983333333333332860e+01
9.033333333333332860e+01
9.083333333333332860e+01
9.133333333333332860e+01
9.183333333333332860e+01
9.233333333333332860e+01
9.283333333333332860e+01
9.333333333333332860e+01
9.383333333333332860e+01
9.433333333333332860e+01
9.483333333333332860e+01
9.533333333333332860e+01
9.583333333333332860e+01
9.633333333333332860e+01
9.683333333333332860e+01
9.733333333333332860e+01
9.783333333333332860e+01
9.833333333333332860e+01
9.883333333333332860e+01
9.933333333333332860e+01
9.983333333333332860e+01
1.003333333333333286e+02
1.008333333333333286e+02
1.013333333333333286e+02
1.018333333333333286e+02
1.023333333333333286e+02
1.028333333333333286e+02
1.033333333333333286e+02
1.038333333333333286e+02
1.043333333333333286e+02
1.048333333333333286e+02
1.053333333333333286e+02
1.058333333333333286e+02
1.063333333333333286e+02
1.068333333333333286e+02
1.073333333333333286e+02
1.078333333333333286e+02
1.083333333333333286e+02
1.088333333333333286e+02
1.093333333333333286e+02
1.098333333333333286e+02
1.103333333333333286e+02
1.108333333333333286e+02
1.113333333333333286e+02
1.118333333333333286e+02
1.123333333333333286e+02
1.128333333333333286e+02
1.133333333333333286e+02
1.138333333333333286e+02
1.143333333333333286e+02
1.148333333333333286e+02
1.153333333333333286e+02
1.158333333333333286e+02
1.163333333333333286e+02
1.168333333333333286e+02
1.173333333333333286e+02
1.178333333333333286e+02
1.183333333333333286e+02
1.188333333333333286e+02
1.193333333333333286e+02
1.198333333333333286e+02
1.203333333333333286e+02
1.208333333333333286e+02
1.213333333333333286e+02
1.218333333333333286e+02
1.223333333333333286e+02
1.228333333333333286e+02
1.233333333333333286e+02
1.238333333333333286e+02
1.243333333333333286e+02
1.248333333333333286e+02
1.253333333333333286e+02
1.258333333333333286e+02
1.263333333333333286e+02
1.268333333333333286e+02
1.273333333333333286e+02
1.278333333333333286e+02
1.283333333333333428e+02
1.288333333333333428e+02
1.293333333333333428e+02
1.298333333333333428e+02
1.303333333333333428e+02
1.308333333333333428e+02
1.313333333333333428e+02
1.318333333333333428e+02
1.323333333333333428e+02
1.328333333333333428e+02
1.333333333333333428e+02
1.338333333333333428e+02
1.343333333333333428e+02
1.348333333333333428e+02
1.353333333333333428e+02
1.358333333333333428e+02
1.363333333333333428e+02
1.368333333333333428e+02
1.373333333333333428e+02
1.378333333333333428e+02
1.383333333333333428e+02
1.388333333333333428e+02
1.393333333333333428e+02
1.398333333333333428e+02
1.403333333333333428e+02
1.408333333333333428e+02
1.413333333333333428e+02
1.418333333333333428e+02
1.423333333333333428e+02
1.428333333333333428e+02
1.433333333333333428e+02
1.438333333333333428e+02
1.443333333333333428e+02
1.448333333333333428e+02
1.453333333333333428e+02
1.458333333333333428e+02
1.463333333333333428e+02
1.468333333333333428e+02
1.473333333333333428e+02
1.478333333333333428e+02
1.483333333333333428e+02
1.488333333333333428e+02
1.493333333333333428e+02
1.498333333333333428e+02
1.503333333333333428e+02
1.508333333333333428e+02
1.513333333333333428e+02
1.518333333333333428e+02
1.523333333333333428e+02
1.528333333333333428e+02
1.533333333333333428e+02
1.538333333333333428e+02
1.543333333333333428e+02
1.548333333333333428e+02
1.553333333333333428e+02
1.558333333333333428e+02
1.563333333333333428e+02
1.568333333333333428e+02
1.573333333333333428e+02
1.578333333333333428e+02
1.583333333333333428e+02
1.588333333333333428e+02
1.593333333333333428e+02
1.598333333333333428e+02
1.603333333333333428e+02
1.608333333333333428e+02
1.613333333333333428e+02
1.618333333333333428e+02
1.623333333333333428e+02
1.628333333333333428e+02
1.633333333333333428e+02
1.638333333333333428e+02
1.643333333333333428e+02
1.648333333333333428e+02
1.653333333333333428e+02
1.658333333333333428e+02
1.663333333333333428e+02
1.668333333333333428e+02
1.673333333333333428e+02
1.678333333333333428e+02
1.683333333333333428e+02
1.688333333333333428e+02
1.693333333333333428e+02
1.698333333333333428e+02
1.703333333333333428e+02
1.708333333333333428e+02
1.713333333333333428e+02
1.718333333333333428e+02
1.723333333333333428e+02
1.728333333333333428e+02
1.733333333333333428e+02
1.738333333333333428e+02
1.743333333333333428e+02
1.748333333333333428e+02
1.753333333333333428e+02
1.758333333333333428e+02
1.763333333333333428e+02
1.768333333333333428e+02
1.773333333333333428e+02
1.778333333333333428e+02
1.783333333333333428e+02
1.788333333333333428e+02
1.793333333333333428e+02
1.798333333333333428e+02
1.803333333333333428e+02
1.808333333333333428e+02
1.813333333333333428e+02
1.818333333333333428e+02
1.823333333333333428e+02
1.828333333333333428e+02
1.833333333333333428e+02
1.838333333333333428e+02
1.843333333333333428e+02
1.848333333333333428e+02
1.853333333333333428e+02
1.858333333333333428e+02
1.863333333333333428e+02
1.868333333333333428e+02
1.873333333333333428e+02
1.878333333333333428e+02
1.883333333333333428e+02
1.888333333333333428e+02
1.893333333333333428e+02
1.898333333333333428e+02
1.903333333333333428e+02
1.908333333333333428e+02
1.913333333333333428e+02
1.918333333333333428e+02
1.923333333333333428e+02
1.928333333333333428e+02
1.933333333333333428e+02
1.938333333333333428e+02
1.943333333333333428e+02
1.948333333333333428e+02
1.953333333333333428e+02
1.958333333333333428e+02
1.963333333333333428e+02
1.968333333333333428e+02
1.973333333333333428e+02
1.978333333333333428e+02
1.983333333333333428e+02
1.988333333333333428e+02
1.993333333333333428e+02
1.998333333333333428e+02
2.003333333333333428e+02
2.008333333333333428e+02
2.013333333333333428e+02
2.018333333333333428e+02
2.023333333333333428e+02
2.028333333333333428e+02
2.033333333333333428e+02
2.038333333333333428e+02
2.043333333333333428e+02
2.048333333333333428e+02
2.053333333333333428e+02
2.058333333333333428e+02
2.063333333333333428e+02
2.068333333333333428e+02
2.073333333333333428e+02
2.078333333333333428e+02
2.083333333333333428e+02
2.088333333333333428e+02
2.093333333333333428e+02
2.098333333333333428e+02
2.103333333333333428e+02
2.108333333333333428e+02
2.113333333333333428e+02
2.118333333333333428e+02
2.123333333333333428e+02
2.128333333333333428e+02
2.133333333333333428e+02
2.138333333333333428e+02
2.143333333333333428e+02
2.148333333333333428e+02
2.153333333333333428e+02
2.158333333333333428e+02
2.163333333333333428e+02
2.168333333333333428e+02
2.173333333333333428e+02
2.178333333333333428e+02
2.183333333333333428e+02
2.188333333333333428e+02
2.193333333333333428e+02
2.198333333333333428e+02
2.203333333333333428e+02
2.208333333333333428e+02
2.213333333333333428e+02
2.218333333333333428e+02
2.223333333333333428e+02
2.228333333333333428e+02
2.233333333333333428e+02
2.238333333333333428e+02
2.243333333333333428e+02
2.248333333333333428e+02
2.253333333333333428e+02
2.258333333333333428e+02
2.263333333333333428e+02
2.268333333333333428e+02
2.273333333333333428e+02
2.278333333333333428e+02
2.283333333333333428e+02
2.288333333333333428e+02
2.293333333333333428e+02
2.298333333333333428e+02
2.303333333333333428e+02
2.308333333333333428e+02
2.313333333333333428e+02
2.318333333333333428e+02
2.323333333333333428e+02
2.328333333333333428e+02
2.333333333333333428e+02
2.338333333333333428e+02
2.343333333333333428e+02
2.348333333333333428e+02
2.353333333333333428e+02
2.358333333333333428e+02
2.363333333333333428e+02
2.368333333333333428e+02
2.373333333333333428e+02
2.378333333333333428e+02
2.383333333333333428e+02
2.388333333333333428e+02
2.393333333333333428e+02
2.398333333333333428e+02
2.403333333333333428e+02
2.408333333333333428e+02
2.413333333333333428e+02
2.418333333333333428e+02
2.423333333333333428e+02
2.428333333333333428e+02
2.433333333333333428e+02
2.438333333333333428e+02
2.443333333333333428e+02
2.448333333333333428e+02
2.453333333333333428e+02
2.458333333333333428e+02
2.463333333333333428e+02
2.468333333333333428e+02
2.473333333333333428e+02
2.478333333333333428e+02
2.483333333333333428e+02
2.488333333333333428e+02
2.493333333333333428e+02
2.498333333333333428e+02
2.503333333333333428e+02
2.508333333333333428e+02
2.513333333333333428e+02
2.518333333333333428e+02
2.523333333333333428e+02
2.528333333333333428e+02
2.533333333333333428e+02
2.538333333333333428e+02
2.543333333333333428e+02
2.548333333333333428e+02
2.553333333333333428e+02
2.558333333333333428e+02
2.563333333333333144e+02
2.568333333333333144e+02
2.573333333333333144e+02
2.578333333333333144e+02
2.583333333333333144e+02
2.588333333333333144e+02
2.593333333333333144e+02
2.598333333333333144e+02
2.603333333333333144e+02
2.608333333333333144e+02
2.613333333333333144e+02
2.618333333333333144e+02
2.623333333333333144e+02
2.628333333333333144e+02
2.633333333333333144e+02
2.638333333333333144e+02
2.643333333333333144e+02
2.648333333333333144e+02
2.653333333333333144e+02
2.658333333333333144e+02
2.663333333333333144e+02
2.668333333333333144e+02
2.673333333333333144e+02
2.678333333333333144e+02
2.683333333333333144e+02
2.688333333333333144e+02
2.693333333333333144e+02
2.698333333333333144e+02
2.703333333333333144e+02
2.708333333333333144e+02
2.713333333333333144e+02
2.718333333333333144e+02
2.723333333333333144e+02
2.728333333333333144e+02
2.733333333333333144e+02
2.738333333333333144e+02
2.743333333333333144e+02
2.748333333333333144e+02
2.753333333333333144e+02
2.758333333333333144e+02
2.763333333333333144e+02
2.768333333333333144e+02
2.773333333333333144e+02
2.778333333333333144e+02
2.783333333333333144e+02
2.788333333333333144e+02
2.793333333333333144e+02
2.798333333333333144e+02
2.803333333333333144e+02
2.808333333333333144e+02
2.813333333333333144e+02
2.818333333333333144e+02
2.823333333333333144e+02
2.828333333333333144e+02
2.833333333333333144e+02
2.838333333333333144e+02
2.843333333333333144e+02
2.848333333333333144e+02
2.853333333333333144e+02
2.858333333333333144e+02
2.863333333333333144e+02
2.868333333333333144e+02
2.873333333333333144e+02
2.878333333333333144e+02
2.883333333333333144e+02
2.888333333333333144e+02
2.893333333333333144e+02
2.898333333333333144e+02
2.903333333333333144e+02
2.908333333333333144e+02
2.913333333333333144e+02
2.918333333333333144e+02
2.923333333333333144e+02
2.928333333333333144e+02
2.933333333333333144e+02
2.938333333333333144e+02
2.943333333333333144e+02
2.948333333333333144e+02
2.953333333333333144e+02
2.958333333333333144e+02
2.963333333333333144e+02
2.968333333333333144e+02
2.973333333333333144e+02
2.978333333333333144e+02
2.983333333333333144e+02
2.988333333333333144e+02
2.993333333333333144e+02
2.998333333333333144e+02
3.003333333333333144e+02
3.008333333333333144e+02
3.013333333333333144e+02
3.018333333333333144e+02
3.023333333333333144e+02
3.028333333333333144e+02
3.033333333333333144e+02
3.038333333333333144e+02
3.043333333333333144e+02
3.048333333333333144e+02
3.053333333333333144e+02
3.058333333333333144e+02
3.063333333333333144e+02
3.068333333333333144e+02
3.073333333333333144e+02
3.078333333333333144e+02
3.083333333333333144e+02
3.088333333333333144e+02
3.093333333333333144e+02
3.098333333333333144e+02
3.103333333333333144e+02
3.108333333333333144e+02
3.113333333333333144e+02
3.118333333333333144e+02
3.123333333333333144e+02
3.128333333333333144e+02
3.133333333333333144e+02
3.138333333333333144e+02
3.143333333333333144e+02
3.148333333333333144e+02
3.153333333333333144e+02
3.158333333333333144e+02
3.163333333333333144e+02
3.168333333333333144e+02
3.173333333333333144e+02
3.178333333333333144e+02
3.183333333333333144e+02
3.188333333333333144e+02
3.193333333333333144e+02
3.198333333333333144e+02
3.203333333333333144e+02
3.208333333333333144e+02
3.213333333333333144e+02
3.218333333333333144e+02
3.223333333333333144e+02
3.228333333333333144e+02
3.233333333333333144e+02
3.238333333333333144e+02
3.243333333333333144e+02
3.248333333333333144e+02
3.253333333333333144e+02
3.258333333333333144e+02
3.263333333333333144e+02
3.268333333333333144e+02
3.273333333333333144e+02
3.278333333333333144e+02
3.283333333333333144e+02
3.288333333333333144e+02
3.293333333333333144e+02
3.298333333333333144e+02
3.303333333333333144e+02
3.308333333333333144e+02
3.313333333333333144e+02
3.318333333333333144e+02
3.323333333333333144e+02
3.328333333333333144e+02
3.333333333333333144e+02
3.338333333333333144e+02
3.343333333333333144e+02
3.348333333333333144e+02
3.353333333333333144e+02
3.358333333333333144e+02
3.363333333333333144e+02
3.368333333333333144e+02
3.373333333333333144e+02
3.378333333333333144e+02
3.383333333333333144e+02
3.388333333333333144e+02
3.393333333333333144e+02
3.398333333333333144e+02
3.403333333333333144e+02
3.408333333333333144e+02
3.413333333333333144e+02
3.418333333333333144e+02
3.423333333333333144e+02
3.428333333333333144e+02
3.433333333333333144e+02
3.438333333333333144e+02
3.443333333333333144e+02
3.448333333333333144e+02
3.453333333333333144e+02
3.458333333333333144e+02
3.463333333333333144e+02
3.468333333333333144e+02
3.473333333333333144e+02
3.478333333333333144e+02
3.483333333333333144e+02
3.488333333333333144e+02
3.493333333333333144e+02
3.498333333333333144e+02
3.503333333333333144e+02
3.508333333333333144e+02
3.513333333333333144e+02
3.518333333333333144e+02
3.523333333333333144e+02
3.528333333333333144e+02
3.533333333333333144e+02
3.538333333333333144e+02
3.543333333333333144e+02
3.548333333333333144e+02
3.553333333333333144e+02
3.558333333333333144e+02
3.563333333333333144e+02
3.568333333333333144e+02
3.573333333333333144e+02
3.578333333333333144e+02
3.583333333333333144e+02
3.588333333333333144e+02
3.593333333333333144e+02
3.598333333333333144e+02
3.603333333333333144e+02
3.608333333333333144e+02
3.613333333333333144e+02
3.618333333333333144e+02
3.623333333333333144e+02
3.628333333333333144e+02
3.633333333333333144e+02
3.638333333333333144e+02
3.643333333333333144e+02
3.648333333333333144e+02
3.653333333333333144e+02
3.658333333333333144e+02
3.663333333333333144e+02
3.668333333333333144e+02
3.673333333333333144e+02
3.678333333333333144e+02
3.683333333333333144e+02
3.688333333333333144e+02
3.693333333333333144e+02
3.698333333333333144e+02
3.703333333333333144e+02
3.708333333333333144e+02
3.713333333333333144e+02
3.718333333333333144e+02
3.723333333333333144e+02
3.728333333333333144e+02
3.733333333333333144e+02
3.738333333333333144e+02
3.743333333333333144e+02
3.748333333333333144e+02
3.753333333333333144e+02
3.758333333333333144e+02
3.763333333333333144e+02
3.768333333333333144e+02
3.773333333333333144e+02
3.778333333333333144e+02
3.783333333333333144e+02
3.788333333333333144e+02
3.793333333333333144e+02
3.798333333333333144e+02
3.803333333333333144e+02
3.808333333333333144e+02
3.813333333333333144e+02
3.818333333333333144e+02
3.823333333333333144e+02
3.828333333333333144e+02
3.833333333333333144e+02
3.838333333333333144e+02
3.843333333333333144e+02
3.848333333333333144e+02
3.853333333333333144e+02
3.858333333333333144e+02
3.863333333333333144e+02
3.868333333333333144e+02
3.873333333333333144e+02
3.878333333333333144e+02
3.883333333333333144e+02
3.888333333333333144e+02
3.893333333333333144e+02
3.898333333333333144e+02
3.903333333333333144e+02
3.908333333333333144e+02
3.913333333333333144e+02
3.918333333333333144e+02
3.923333333333333144e+02
3.928333333333333144e+02
3.933333333333333144e+02
3.938333333333333144e+02
3.943333333333333144e+02
3.948333333333333144e+02
3.953333333333333144e+02
3.958333333333333144e+02
3.963333333333333144e+02
3.968333333333333144e+02
3.973333333333333144e+02
3.978333333333333144e+02
3.983333333333333144e+02
3.988333333333333144e+02
3.993333333333333144e+02
3.998333333333333144e+02
4.003333333333333144e+02
4.008333333333333144e+02
4.013333333333333144e+02
4.018333333333333144e+02
4.023333333333333144e+02
4.028333333333333144e+02
4.033333333333333144e+02
4.038333333333333144e+02
4.043333333333333144e+02
4.048333333333333144e+02
4.053333333333333144e+02
4.058333333333333144e+02
4.063333333333333144e+02
4.068333333333333144e+02
4.073333333333333144e+02
4.078333333333333144e+02
4.083333333333333144e+02
4.088333333333333144e+02
4.093333333333333144e+02
4.098333333333333144e+02
4.103333333333333144e+02
4.108333333333333144e+02
4.113333333333333144e+02
4.118333333333333144e+02
4.123333333333333144e+02
4.128333333333333144e+02
4.133333333333333144e+02
4.138333333333333144e+02
4.143333333333333144e+02
4.148333333333333144e+02
4.153333333333333144e+02
4.158333333333333144e+02
4.163333333333333144e+02
4.168333333333333144e+02
4.173333333333333144e+02
4.178333333333333144e+02
4.183333333333333144e+02
4.188333333333333144e+02
4.193333333333333144e+02
4.198333333333333144e+02
4.203333333333333144e+02
4.208333333333333144e+02
4.213333333333333144e+02
4.218333333333333144e+02
4.223333333333333144e+02
4.228333333333333144e+02
4.233333333333333144e+02
4.238333333333333144e+02
4.243333333333333144e+02
4.248333333333333144e+02
4.253333333333333144e+02
4.258333333333333144e+02
4.263333333333333144e+02
4.268333333333333144e+02
4.273333333333333144e+02
4.278333333333333144e+02
4.283333333333333144e+02
4.288333333333333144e+02
4.293333333333333144e+02
4.298333333333333144e+02
4.303333333333333144e+02
4.308333333333333144e+02
4.313333333333333144e+02
4.318333333333333144e+02
4.323333333333333144e+02
4.328333333333333144e+02
4.333333333333333144e+02
4.338333333333333144e+02
4.343333333333333144e+02
4.348333333333333144e+02
4.353333333333333144e+02
4.358333333333333144e+02
4.363333333333333144e+02
4.368333333333333144e+02
4.373333333333333144e+02
4.378333333333333144e+02
4.383333333333333144e+02
4.388333333333333144e+02
4.393333333333333144e+02
4.398333333333333144e+02
4.403333333333333144e+02
4.408333333333333144e+02
4.413333333333333144e+02
4.418333333333333144e+02
4.423333333333333144e+02
4.428333333333333144e+02
4.433333333333333144e+02
4.438333333333333144e+02
4.443333333333333144e+02
4.448333333333333144e+02
4.453333333333333144e+02
4.458333333333333144e+02
4.463333333333333144e+02
4.468333333333333144e+02
4.473333333333333144e+02
4.478333333333333144e+02
4.483333333333333144e+02
4.488333333333333144e+02
4.493333333333333144e+02
4.498333333333333144e+02
4.503333333333333144e+02
4.508333333333333144e+02
4.513333333333333144e+02
4.518333333333333144e+02
4.523333333333333144e+02
4.528333333333333144e+02
4.533333333333333144e+02
4.538333333333333144e+02
4.543333333333333144e+02
4.548333333333333144e+02
4.553333333333333144e+02
4.558333333333333144e+02
4.563333333333333144e+02
4.568333333333333144e+02
4.573333333333333144e+02
4.578333333333333144e+02
4.583333333333333144e+02
4.588333333333333144e+02
4.593333333333333144e+02
4.598333333333333144e+02
4.603333333333333144e+02
4.608333333333333144e+02
4.613333333333333144e+02
4.618333333333333144e+02
4.623333333333333144e+02
4.628333333333333144e+02
4.633333333333333144e+02
4.638333333333333144e+02
4.643333333333333144e+02
4.648333333333333144e+02
4.653333333333333144e+02
4.658333333333333144e+02
4.663333333333333144e+02
4.668333333333333144e+02
4.673333333333333144e+02
4.678333333333333144e+02
4.683333333333333144e+02
4.688333333333333144e+02
4.693333333333333144e+02
4.698333333333333144e+02
4.703333333333333144e+02
4.708333333333333144e+02
4.713333333333333144e+02
4.718333333333333144e+02
4.723333333333333144e+02
4.728333333333333144e+02
4.733333333333333144e+02
4.738333333333333144e+02
4.743333333333333144e+02
4.748333333333333144e+02
4.753333333333333144e+02
4.758333333333333144e+02
4.763333333333333144e+02
4.768333333333333144e+02
4.773333333333333144e+02
4.778333333333333144e+02
4.783333333333333144e+02
4.788333333333333144e+02
4.793333333333333144e+02
4.798333333333333144e+02
4.803333333333333144e+02
4.808333333333333144e+02
4.813333333333333144e+02
4.818333333333333144e+02
4.823333333333333144e+02
4.828333333333333144e+02
4.833333333333333144e+02
4.838333333333333144e+02
4.843333333333333144e+02
4.848333333333333144e+02
4.853333333333333144e+02
4.858333333333333144e+02
4.863333333333333144e+02
4.868333333333333144e+02
4.873333333333333144e+02
4.878333333333333144e+02
4.883333333333333144e+02
4.888333333333333144e+02
4.893333333333333144e+02
4.898333333333333144e+02
4.903333333333333144e+02
4.908333333333333144e+02
4.913333333333333144e+02
4.918333333333333144e+02
4.923333333333333144e+02
4.928333333333333144e+02
4.933333333333333144e+02
4.938333333333333144e+02
4.943333333333333144e+02
4.948333333333333144e+02
4.953333333333333144e+02
4.958333333333333144e+02
4.963333333333333144e+02
4.968333333333333144e+02
4.973333333333333144e+02
4.978333333333333144e+02
4.983333333333333144e+02
4.988333333333333144e+02
4.993333333333333144e+02
4.998333333333333144e+02
