6.021296977996826172e-01 3.978702723979949951e-01
4.863223731517791748e-01 5.136776566505432129e-01
5.760290026664733887e-01 4.239709973335266113e-01
4.451847970485687256e-01 5.548151731491088867e-01
4.338929355144500732e-01 5.661070942878723145e-01
6.728841066360473633e-01 3.271159231662750244e-01
2.386443018913269043e-01 7.613556981086730957e-01
3.818850517272949219e-01 6.181149482727050781e-01
4.858987033367156982e-01 5.141013264656066895e-01
5.452161431312561035e-01 4.547838866710662842e-01
5.873579978942871094e-01 4.126420617103576660e-01
4.078172743320465088e-01 5.921826958656311035e-01
4.547173082828521729e-01 5.452826619148254395e-01
4.233585894107818604e-01 5.766414403915405273e-01
4.814917147159576416e-01 5.185083150863647461e-01
6.544750332832336426e-01 3.455250263214111328e-01
